100
140922 450897
889490 964852
902178 721716
253111 313372
531557 211253
796146 905094
539101 162981
354162 657739
789403 336359
837902 250029
428858 787142
516554 696908
385911 644305
416635 204817
452527 290633
217267 598413
380050 504655
923161 103933
755175 34277
753726 366277
320213 311475
909653 57349
173011 16669
143760 258123
399838 84158
870956 773696
444768 579333
659035 756578
390094 928242
528441 194396
606562 522963
786017 151692
80128 213623
68551 705548
453111 166373
632179 350256
467891 570177
369852 260066
936278 437000
614277 93051
118313 276283
105572 609996
801413 137378
668629 599962
757380 513564
12798 536156
754787 774695
161963 147696
972962 42111
95984 634228
586480 498642
884776 284998
670199 583842
903381 225490
615509 446082
153449 9751
329977 973014
988607 295956
686539 517346
207349 694857
66411 282225
280851 492608
568131 763054
714199 36945
124456 642647
673 364190
507098 419791
514874 226080
775787 702806
323899 365415
54873 239780
303683 322594
567433 479087
560825 259209
274110 630377
350312 22059
214951 372320
645107 757326
223848 302891
213888 482763
425173 561110
208985 837578
86014 958229
496508 666890
515334 145628
390616 497685
748259 430082
639610 269676
20906 932871
486011 634688
155883 647281
375271 679311
377145 704982
523949 640997
347696 564384
6400 628685
565557 310
913995 918222
992128 262182
422536 900874
