100
398005 206875
192891 571760
851648 131072
84182 914771
398310 799995
197668 384117
568465 845804
971462 765878
190166 245631
12331 939195
126844 210047
4295 422232
870742 31067
894052 643320
537918 821539
20731 682844
110348 289181
75705 133958
341019 310204
855087 796681
900213 201353
960676 420927
98796 500905
952777 822166
314160 575600
798035 858096
106695 682335
823700 891744
378240 795547
968438 825503
19840 424035
560691 588039
174313 411166
814650 896821
251715 959894
144097 196549
684599 356646
138553 669382
489759 195105
427208 88965
715342 758964
754798 997919
497533 767659
370726 707187
562189 85648
759679 622652
362006 790299
311435 496216
311052 206109
301660 741033
960391 572152
149552 528077
761034 246357
166776 470848
830260 821821
357962 753002
539523 725386
626682 207479
297571 999715
169981 219574
896081 754852
450972 951045
42427 548795
99196 34499
939411 598467
73997 986544
848839 394813
659484 972780
448281 338127
657036 262704
387666 731049
343423 160412
982687 351654
733802 366503
904087 650909
906192 661086
5401 383400
544581 290966
34376 209071
790078 85748
42152 57601
444325 995651
866180 741164
830067 844259
316794 187329
586795 738694
877800 573410
338567 492954
620687 807547
785820 382973
77580 167682
595877 770967
136201 353858
956043 851181
52316 717967
499042 40598
217712 558771
545497 578170
999501 219288
628697 75579
