100
802150 982131
968734 185845
120468 332748
174393 527328
122756 471620
647759 445708
562722 168541
153274 432996
199839 409900
919969 825420
232944 374911
510080 670735
346158 701285
712997 548646
454096 798126
701646 514923
165640 413896
12853 825964
131135 511344
985285 97052
177247 866287
723180 477009
781899 305369
16022 778662
625083 474048
222263 20024
630858 860895
582578 813726
957386 145536
435043 480220
778512 934322
923782 621234
300304 605051
205034 776130
954730 840248
602023 384661
713692 236656
891473 403605
543371 78564
198724 221206
553270 265606
763108 490701
126937 68472
617825 388675
318753 382189
661662 812457
621949 439501
786961 917472
248822 393610
407366 633538
805299 528621
478227 403704
626710 322179
79781 505567
932274 952588
186310 807507
492005 43744
317746 736841
39566 883887
244469 611673
278549 564947
475730 955940
256266 888541
657839 188958
744579 968329
481513 544974
803196 827684
727389 961523
489436 410925
211173 556311
804658 704365
497487 808178
336172 944017
268551 797238
874830 495777
391056 53770
336594 530411
611292 721662
712253 30327
87451 978072
480025 404069
487218 235024
901693 716092
933380 402429
662606 24186
957207 398084
688274 249574
559460 752294
523400 35585
5860 793577
910965 978057
198230 577558
926222 707193
960647 662336
804372 647281
954455 644076
583582 4688
747165 421369
523770 189153
656723 870467
