100
103898 267176
227432 278539
77962 745941
755088 869715
424500 820645
853028 192209
660443 763348
815666 333840
219028 809959
692474 940134
358841 331361
743915 189612
590312 606024
29875 72426
30757 315534
791983 298906
368739 735173
683476 586404
133698 967073
32420 225907
736636 393159
108321 11813
465700 556709
48252 527323
263657 489263
919613 214859
692528 650957
459885 968207
257984 15394
709363 30566
176141 898852
315514 999770
594915 932443
405497 883387
441268 241136
557455 673019
186503 499143
28052 439422
20068 760334
614758 970641
638268 471805
895721 597473
48351 89078
977040 202617
574244 611402
681931 87597
658708 529225
773449 15235
814086 157092
304691 248180
853589 521134
867720 720972
371436 71114
913877 148787
719481 167493
986075 640906
693813 631420
610724 811442
249564 71961
834497 654215
935944 87446
493575 677668
404852 79080
166510 228947
315726 986106
204696 760829
839147 140735
33905 588109
839048 393398
600059 788396
322577 71283
543991 696179
36659 981506
506490 586790
917123 547089
964725 667445
963947 695381
978650 113362
19474 293451
863609 981470
40804 373978
649454 890276
705320 582433
659325 594865
322064 972152
149543 59364
265959 985430
900234 422649
702232 303039
623807 281303
155340 720328
148033 37661
664722 466639
62841 864503
748747 256128
616404 799577
294284 460847
74820 351477
496215 183893
859453 955376
