100
122026 736201
596208 220212
870964 839915
397706 197178
698878 201498
698763 346713
97284 791143
322248 635083
727553 787021
822295 6547
341324 491811
511368 606844
754066 652372
9100 946804
693602 796307
890702 582710
372341 927249
547871 101359
691030 453556
284313 234574
871029 562147
378986 729907
204904 303797
961642 537664
468800 972787
594690 288676
814925 263726
939835 495063
538090 450221
129750 306022
532934 557372
502017 217786
227902 365015
837903 460964
20558 955789
249732 273907
562109 193225
45918 535057
732160 510560
907358 787890
439357 921196
196299 176249
882182 268348
140188 831944
77771 316042
859120 106792
639853 917534
51103 328960
660916 524431
695031 466124
572862 100719
12602 192198
449773 27611
41036 186640
987201 701580
319737 526101
53848 561715
686283 168126
128081 26040
673015 590435
779384 862159
820154 523682
813532 50109
44641 868103
646395 612439
705975 378147
449656 857070
794012 159794
723860 211696
302009 941439
936609 103272
473617 175490
591451 761250
928022 399846
837092 699180
960842 64979
692678 502724
266473 580874
404074 992132
805593 671853
506554 453670
980555 932032
780238 767907
397634 74420
952823 17549
147777 612740
757262 906270
337119 525648
754526 658869
223602 700834
80076 865314
790037 330060
915125 647457
910788 311958
785300 21166
230178 436362
916118 6419
947158 517706
337003 415584
801633 534201
