100
521973 259253
700651 404432
35007 525522
424345 430556
913351 359386
854598 145280
468967 747853
621608 904701
189197 879280
391400 873183
454796 142883
838098 559262
256477 179326
164061 780010
755607 649659
459567 170094
633221 357767
383390 465640
209853 864083
177139 312095
732045 992463
835014 332074
139693 652183
996690 170992
713961 564537
444514 843035
534834 618391
285465 320039
155982 999167
37003 162535
412499 581471
94529 919601
589722 420139
705309 946276
595072 867984
745450 52556
485582 401962
138694 566901
36550 928392
529691 253523
349178 939354
654918 616155
968668 918146
996145 728246
366021 749671
734366 690063
417306 313481
141974 588112
295372 803858
500569 612322
399316 25915
549191 221564
922670 855787
826112 527327
742071 485760
57915 900474
97765 704247
643510 752081
661593 40252
583600 611642
697203 662842
316342 787795
880086 501939
575269 59793
811320 950219
237931 687322
817881 89386
108234 551230
386190 186478
11947 751302
396672 763592
753964 937924
928214 936359
439987 971457
923849 449464
321907 823370
385884 121104
375750 492445
942234 995773
880212 734621
60927 740240
973764 446669
372516 653039
216940 303120
728437 572765
844535 795270
68753 227492
889641 569521
720561 335368
467857 628333
674303 31219
214979 59371
681674 76504
999391 890111
560134 892384
842112 624915
325596 388746
166329 184332
478855 344010
999592 51783
