100
442615 391349
27886 993757
873149 568905
304739 65935
602865 729200
376387 401623
829306 770753
678239 765814
694443 366172
259281 828543
852349 225872
894595 130750
762547 564935
417350 249347
213568 203403
975170 399040
721935 958655
617791 700452
725050 540060
572075 797635
260947 588637
60187 675834
952027 450409
937673 515300
343674 818938
186268 373183
986444 206871
192236 934963
362470 515073
945736 418760
335804 582403
567669 549296
646571 271657
948842 449851
107091 89928
10097 954472
150785 149434
193299 65671
985249 190732
528200 740183
540057 691183
917039 739522
820900 625215
701978 880063
947231 258424
553992 435954
24440 200893
142130 347014
776848 227280
235196 694703
282222 887502
931111 840781
83746 774375
877473 967908
787197 552010
610958 349932
560903 293643
357142 552229
3198 319403
317609 643150
128552 756383
245490 886377
497517 515163
455141 83937
524970 22037
928387 211805
882564 849502
247724 1411
550084 530822
694571 829299
659850 61012
122334 205992
139646 388205
286461 630942
193374 394607
4496 527325
5180 921974
739590 222034
787737 598307
691172 690250
253403 793800
698451 152555
703414 405510
776791 330307
240286 546287
136621 646072
137443 505074
812306 135220
174150 842294
757770 2326
230254 737488
238914 487839
839516 656541
861070 178070
331665 685239
683172 912033
381930 18276
874903 682031
177775 566982
529506 142034
