100
171341 29959
866990 999290
832636 266856
901362 415858
700922 948618
707080 702974
382147 777789
27210 351009
2825 452956
224345 716918
178562 638037
877763 221936
292078 660284
116708 554920
582969 222991
193283 777893
453201 512870
794018 686693
245400 319520
415817 319330
267108 699128
666660 992294
726087 287278
125491 207931
289710 24088
427004 922116
194027 666494
73677 165896
63493 874416
179293 65542
40850 934859
750070 535661
320880 735504
827410 672645
729558 244216
166722 591214
289438 49604
862065 772398
683205 472792
696537 618337
896609 928540
593472 865981
972954 502097
466037 176930
354437 554743
668858 623215
736084 347977
860906 87244
937834 660759
737280 403512
446707 350742
148490 784783
629031 307844
857423 580397
573935 435238
840677 190312
155819 853756
162502 259378
31847 186015
614322 87929
797206 629625
867185 703582
511612 274881
635143 132814
434616 562459
512904 552926
15020 803598
588658 543451
87142 930273
37453 21097
449808 809769
679831 923642
416112 790666
235963 530664
255057 989470
34493 24633
210636 275656
454740 306200
349547 608742
185384 775936
934281 971343
312791 792616
406152 926393
451529 828253
308161 339303
252055 134321
638087 507674
633778 618094
425780 185505
235959 142020
406914 767182
64354 972022
756635 179723
733244 330429
283807 256110
492287 778938
343269 761860
785955 145963
551576 897692
381391 427449
