100
190027 281303
50968 5267
195820 294658
692882 165761
457730 612411
59573 438687
620332 372442
933825 993757
354948 270139
371297 238593
403564 990622
605831 341455
716334 730598
258035 541226
607459 42334
828328 316911
26243 676529
911499 143748
824436 160133
228398 580389
909262 108888
592186 824953
612166 703494
863202 125982
892302 978874
441381 939769
167232 54514
585220 785002
557330 800954
900051 67558
39484 494422
734408 149745
551094 81163
847785 197753
865855 124236
696869 546228
961620 796482
549007 480800
30712 902178
802915 117252
393291 691603
761289 415510
867896 300576
541846 858333
230864 233443
834648 462323
859270 746481
76919 340865
602002 885369
155674 745348
44124 949663
580194 835528
120835 621736
156546 73615
518693 379252
742705 447138
550787 422729
562317 267077
894599 577730
941072 531911
347136 865466
782888 399187
27901 177543
176158 813663
942767 405464
855042 462165
951992 433367
494868 154677
478165 120881
857186 475521
770994 918331
364058 341276
451166 176893
199469 577307
791850 85841
200941 602677
463038 802720
563812 112241
516146 331814
664957 552583
438356 949812
939986 531009
135488 68834
654082 209068
128689 990130
843969 663407
134958 813965
784957 885604
171247 988055
981104 831652
525454 273103
318826 29207
783351 345922
209810 542324
28674 265320
788310 997668
366957 389359
769372 291147
114552 344914
686646 605550
