100
715619 988972
343706 320049
960051 245927
244949 143990
346203 116143
268326 322289
581211 996682
989750 613408
785529 623403
722352 218188
892460 982835
858688 299235
913470 137950
398368 445392
179164 608430
330673 881887
951293 816600
540578 242066
855144 568087
547791 701629
650599 136314
275393 16356
453725 156769
469432 912552
260068 450569
7969 382605
69050 201519
485488 823581
158129 65403
872651 356290
454509 360395
482287 604028
503415 297390
908828 102393
265001 971835
377916 868325
545792 375677
37277 89549
324007 990639
288154 5065
11603 117170
918654 87944
819966 821887
215850 876720
563368 471497
711994 191375
380057 114059
975525 446175
605966 882634
629395 847110
831108 345026
509079 966633
617971 782503
657642 653643
949443 866092
650568 180568
624890 687529
881733 404790
686794 248178
400137 37446
57599 492000
139329 630668
248420 76771
749684 905764
247178 28934
809805 464529
955087 65790
167122 305530
36012 75856
220038 153858
624644 280132
184585 197602
245747 323506
226624 881246
700983 897051
858954 166419
479439 723993
247922 914166
964578 840145
22405 157618
472506 537702
63037 733233
286100 54033
795858 236505
536828 899579
719153 890770
103050 500616
976798 644511
732316 29600
499161 181854
936639 89570
711320 432541
632704 916447
553423 204336
829241 15166
74701 61873
417544 306798
498 498351
229560 695099
539442 990276
