1000
770808 886836
786674 941683
237660 329279
739569 564605
594042 855869
203927 845694
984792 515014
990951 363265
897459 826638
173433 564530
280060 332871
860986 649475
77539 903409
71579 129676
170063 365260
148149 595142
90610 843916
977377 636623
171897 242837
871512 784587
846094 447196
777315 855325
457688 819144
597661 283991
944853 572985
429360 563190
276748 205983
647601 115542
647804 60949
660576 582325
92836 740719
132690 331949
412062 263436
505250 701255
169333 198125
669552 614263
330731 670241
594662 955772
636115 280896
318038 884688
704300 665926
866158 758740
610291 416959
875258 414027
674507 517871
363738 46485
915560 878307
4959 260678
200977 755959
590689 724511
876714 644054
582392 809660
440679 188953
229352 524938
853666 831035
88968 57725
239086 831526
10729 794020
480062 729128
237811 201239
195987 955961
908676 933087
780901 140111
961841 302689
51438 703351
254153 800977
885829 907890
560992 165135
391184 181544
17974 500334
545655 159752
712170 120168
761249 447596
228332 241135
254888 122901
228917 303409
746185 426011
16638 881059
219244 735806
772765 146430
895502 610867
277387 455344
198676 869355
156984 999970
839297 891562
821149 952438
219016 825027
722947 468944
418938 415293
367777 353593
992236 294558
914238 678582
173389 462926
16802 994568
996132 155036
552921 814037
853372 79659
348937 490431
145225 418989
887612 932783
221833 597148
532934 922577
478649 823467
525981 512162
623906 488639
326575 192955
82311 326304
355368 528437
51475 647014
919376 808272
382976 433508
713345 2708
693272 239827
982073 40592
248523 112664
160626 115036
665130 925195
899489 94943
392392 453308
534535 727001
915907 746906
264717 786441
897913 31057
358940 137162
969029 171582
948092 298309
887914 108044
199109 692136
120673 972879
6964 950326
881935 306873
599828 683775
915286 830827
776927 918058
501568 236179
61085 895010
570480 781803
171771 981751
55582 333706
374494 746145
24921 936110
94571 845500
545299 679360
50216 293473
302114 893534
796484 417880
166314 329030
33947 425856
76476 941797
730517 792148
619597 446580
323348 481621
737764 79788
577568 252963
692975 637696
256950 933754
100157 786798
792308 986171
58953 260853
848417 894317
180498 206218
3936 611341
252003 414779
365147 530673
134705 318591
535610 924298
196109 190982
588031 503610
536476 843374
111413 649144
66623 43825
723278 207290
101259 577593
680405 306920
372313 591981
599353 415256
134597 791984
340181 642087
870248 656153
235444 990004
928838 720825
176115 846959
230213 96131
836387 997063
368485 934573
488067 903125
79424 567311
357872 550361
459061 649376
383742 961308
715384 381969
176564 982729
790385 249697
372672 960861
899005 256452
932559 391388
453343 221855
402335 285819
964658 98285
392721 211070
328695 666482
690033 766338
665889 38491
847182 619913
206747 245405
2607 805481
802082 933350
239363 745124
541736 935587
530638 495470
322630 678484
891937 738213
777910 431669
491107 540509
765895 708141
406858 810268
517339 291813
841488 230620
60959 153423
422368 268478
252894 10353
428760 32549
744588 569000
101857 377522
558648 591155
407272 119741
810841 267597
719827 469621
204113 255380
866384 118193
251427 513655
192206 626886
239345 48154
510787 964069
280352 811730
715542 879412
395767 843095
596859 369831
353222 591405
190697 214766
549708 319727
155416 371214
157145 101545
576733 73344
407626 264856
341561 512606
352698 944916
816185 660660
393363 341703
735514 726742
78856 422866
681117 373291
173825 586660
820039 899475
356905 764952
329765 499228
967010 968129
797391 4706
126594 370209
274600 269967
250147 159007
673652 713551
143200 608087
78416 628226
859470 664576
441415 123369
826204 444855
785532 995819
230777 707587
334502 772094
511070 167997
728292 180033
904280 826869
538560 205327
799851 90958
785596 126994
982212 956032
531210 873501
840491 464643
632052 547203
180440 301860
899964 373972
2991 659506
415231 883844
494371 127857
104689 161124
378680 652339
156512 298864
233613 381773
832537 45207
468614 612186
384809 861272
814873 975583
642974 503198
993255 244595
241601 105086
868086 374848
968393 400777
524028 508398
33386 109796
86776 636361
816097 985315
356884 610393
682242 783730
997318 408069
614293 81716
27747 427735
689532 823384
880716 660640
304298 353660
327184 720560
29454 315502
253728 884966
331846 329813
186040 811076
655500 69278
555075 874597
561003 852269
648182 205041
329548 440790
538143 391088
325973 696969
129445 210510
188051 797385
812872 410090
654205 819839
714910 981875
764478 19028
252497 397144
938330 185641
905168 31403
981342 989181
832907 82696
16804 479564
910650 815325
953886 559297
455348 458872
908817 394560
522834 272676
644466 242706
180459 190041
466202 532320
320730 166740
504352 222794
22318 491815
6798 674535
918043 642549
986799 874059
786063 577960
461920 922712
277177 172704
270104 930248
343861 6489
744602 660860
298017 598992
677176 120568
223480 388881
244003 814504
958651 178282
848892 342731
650456 254057
72213 523930
206485 979294
877043 361738
560066 125458
911552 750007
697933 195902
655861 232669
723454 24669
935028 399937
464170 111657
677048 854665
238763 672735
217976 872247
520577 372747
366753 509541
523614 714418
628954 556953
526267 347405
699635 379500
596387 513718
650775 762534
901637 213910
429228 176535
447371 345889
778173 159395
266634 449938
426518 964478
592940 877981
896661 284776
124860 938967
166657 123129
93262 937049
957874 325547
634014 516585
278677 583643
498234 381620
339702 401388
873532 833855
19704 372429
17424 325811
42230 757989
222969 161399
310684 927871
433547 218913
727337 705402
771194 896602
945057 446751
705875 692978
892532 457191
211409 175923
445770 726787
551248 437959
429295 581106
907705 51319
782929 507801
213268 996067
533258 621676
386394 403211
181719 431580
166572 513880
84041 297933
550842 332375
793631 344464
573797 589258
833092 280717
189538 390933
997371 879853
416053 166487
151682 578554
701870 319224
448489 343706
562929 295512
680823 873014
265903 926023
624862 447908
465346 7494
219403 965983
642563 859405
342372 766717
53080 363272
923140 248059
999992 817179
113845 386879
518970 244521
788412 946863
801929 401099
659250 69950
85596 63847
567514 48562
640672 6347
906406 910242
645307 424223
742118 419455
675017 319216
148601 795769
899900 496072
963843 156933
785008 925196
858300 686278
537977 185583
595754 664209
372697 786835
261252 69303
733512 944044
854392 300648
138828 336506
835382 760020
412137 954186
337896 536318
293025 227996
782603 491266
320848 932351
205664 149654
871036 913023
405168 388184
347123 528428
389194 264265
553296 688458
391438 821735
470210 380046
718400 614112
519796 533141
161536 699878
249441 677661
487274 235841
488411 948923
110027 461117
68045 996243
548672 359549
984925 438343
87187 855308
217515 272979
625324 573990
10689 447539
655779 835731
904804 828031
986922 131346
926160 207802
115663 148417
487054 867513
775270 513845
853224 386206
523961 83558
444370 359393
554568 928872
401736 732126
426159 814423
593332 92534
101572 428698
661176 195914
320995 711954
705571 683885
841562 17474
411312 225183
9614 432537
149803 472185
717924 4982
880577 186344
475218 380428
149589 665630
668416 953830
426432 299955
824561 676997
546169 551565
395649 952969
741067 501293
502949 711473
460144 885521
971834 767167
948356 715434
45624 855613
498064 156375
834447 282691
766489 172780
31447 131033
169869 139796
911505 727942
185495 408755
407942 152892
850092 384319
652618 286462
227325 311265
282048 40075
346192 699393
925383 412868
646644 503732
899489 373777
351610 981681
536953 515864
649734 617238
454074 931206
229849 644632
400017 427560
258493 904199
77820 392717
258967 199750
83496 343983
186242 217124
111720 342017
844686 270564
704807 502174
593616 978621
558185 941792
178101 512882
530221 302177
370544 529290
986759 402586
135043 766613
604222 790368
742018 682371
615869 920354
462144 499659
739544 206961
599756 893783
537644 76469
696051 439271
612909 118522
30178 868540
549581 862178
288988 305622
551450 256690
370001 316406
450165 595440
869334 864672
598207 910849
28568 215847
638835 438440
189322 93999
916345 948251
875084 873060
506635 708564
24956 163403
710822 669097
490699 693774
891180 808066
1739 666611
285820 33794
829973 339303
659159 787451
596193 94940
679525 130166
662362 885539
981106 24440
291525 722660
605166 9472
183839 764834
419034 660414
639835 730387
233690 766384
830822 693130
175804 102264
314087 337907
192837 645415
280551 13793
622193 757549
752812 415976
177096 675330
464959 390913
363795 116697
941282 128798
718765 905257
966151 857227
988342 508230
485983 44813
715804 269137
528986 39171
414870 30826
259095 947345
982226 391098
725165 538768
528752 152447
246622 939641
426507 760508
94035 129361
18360 151758
284468 393665
470424 939804
670068 201032
813003 312144
975243 711466
46872 568252
708470 82666
121692 369342
522341 997506
605709 611097
349612 865747
480203 329443
552224 814945
520261 857608
587394 877212
851775 52095
702392 877664
430057 855005
957713 248298
694314 171820
961929 341121
24149 212186
620162 216263
812733 868357
378939 594475
328497 332652
366746 866405
147319 811002
419641 301196
44309 267412
213509 799631
231696 668232
700739 536856
320521 974829
788068 648565
514942 557744
455467 844209
468087 334347
263588 306127
938828 278988
244165 478297
805681 791653
965160 551382
188303 644051
7262 350489
587166 100118
511952 908197
742469 797401
977704 233884
411222 743635
216165 168682
383580 363594
268681 743121
238238 250193
954489 508064
192462 151408
642700 830854
752714 331367
44183 965104
135600 67445
915202 750596
742213 298133
114908 396926
719131 568184
849088 713327
35938 334055
436055 63544
674936 862146
695932 923937
925955 745276
65521 995205
394953 481772
945720 235779
912937 360535
612979 723067
176938 251461
989979 540339
85828 545028
260309 296903
325756 637731
248214 235705
949339 930167
549370 41769
503332 225557
689250 893456
807117 206299
58770 76153
742873 643108
104969 867955
652660 722454
573725 963047
298523 297669
356141 814303
821755 899695
585858 490772
161773 531444
743738 54831
658765 279608
860547 432878
363403 432801
842057 729394
646370 357301
800482 877322
11291 505475
460597 301280
372618 540641
667702 253362
446926 87044
390797 652376
483488 618135
618382 98921
838103 278989
712551 757671
532200 197865
234924 951590
41989 882230
350889 897777
688705 368921
164409 743398
997258 8254
889411 648507
26012 360004
625638 35114
731530 713563
267932 21624
553437 931677
67606 522655
964471 836754
427532 23954
507655 7697
539334 632074
87930 303274
869966 755998
66575 125011
164693 416844
772173 267463
93964 135486
894766 18532
899739 78216
450218 111357
750429 175632
822609 66305
442944 667637
180564 332024
368753 415446
698978 6246
214580 745636
114652 50625
773576 625178
491947 150097
33088 513984
434112 818326
1563 323254
732111 719312
887871 803078
861005 886801
255137 713292
273140 592740
726322 827436
434831 32155
84697 681557
458605 805160
32067 178191
620203 634550
145835 384363
616850 730848
995327 491103
365765 960696
343850 906767
7343 771538
236314 886040
232909 442632
339016 502663
938922 804001
582792 340955
952956 672871
518533 948911
603967 722713
654079 823091
492427 656952
209634 755107
838045 270575
602333 574765
875829 983740
458092 805076
712053 79196
675606 601216
271442 221846
887464 266077
910809 984857
121149 473344
164709 654013
333982 588474
212345 505622
534214 983773
357129 753421
816450 84503
398136 497546
206134 890344
75664 566698
496931 950676
103058 33047
524449 312878
934750 864987
365285 858756
60878 949064
632623 418872
449885 228282
561973 294932
156377 914144
115600 568113
658273 373807
976272 755369
311700 600836
25276 811463
486782 295898
752629 399194
105085 722397
562347 908839
830231 311728
815600 305255
94653 663933
186210 904347
466904 68514
334798 971453
876012 870594
218046 499428
360719 289058
765709 927569
815476 264330
926098 687138
451469 964423
384850 132751
261753 609621
873316 590769
707390 850215
493417 301944
656414 954658
200375 811972
258124 364278
763361 700277
821474 546690
283661 954086
712821 452934
259709 358210
46966 513209
820444 32482
710747 15175
99852 601902
940946 494479
957346 375776
152362 196891
164170 620162
296352 168226
428762 115609
733927 279525
188748 146805
146788 822811
782441 659907
583380 57797
894931 128659
221172 377914
556293 937990
310579 441596
529278 311893
343180 421971
360082 239516
431449 588027
520854 931229
412527 193783
722098 406230
346548 974774
956725 290366
341678 749988
274585 577333
832797 736138
738246 293180
698867 231663
113143 438708
856674 268478
880655 457110
693528 414999
340401 317315
389858 97642
612693 824148
683490 821535
326927 619944
312559 485622
821882 324776
866742 975355
447141 197628
747220 320572
890753 653195
902323 211970
354011 892093
345820 592083
866153 915906
411689 327911
153299 193822
129513 406952
886855 500526
812105 149597
568109 510961
417968 791576
945351 324464
920631 428788
274927 382071
164720 230088
260911 984238
947524 638708
824335 33431
703613 832230
964235 193369
84046 88093
909541 852909
88255 14206
761138 207524
713828 468539
189444 165594
371221 532898
105513 306046
975132 565855
348894 418071
9590 558666
995072 964739
329470 564716
288792 813974
137254 467901
326491 810241
855282 351340
240215 510543
302404 723943
803195 306887
928147 850674
172134 16307
167070 814042
813218 806161
952410 265365
223342 503091
666248 394402
401602 680678
684673 273676
496789 623809
775324 650324
319262 762313
963377 300613
344508 137675
132378 597521
893074 575619
645042 548362
552761 871816
522350 615211
16332 92601
493205 262493
72410 476689
775586 254968
169538 444307
375949 924881
295430 839464
377775 598484
207796 410374
623206 414420
693967 638264
110497 885055
