1000
296996 663796
48088 697155
641256 809667
321044 353477
858252 633593
704979 849897
940533 939995
932313 102255
28193 254869
659305 666601
576545 334799
194331 634096
456533 485185
827162 989671
583880 486803
219419 564133
809696 479958
76560 749990
924452 941994
36960 756355
59805 401871
654440 866945
951405 763259
819334 132756
543338 868276
24240 151610
125696 8014
182215 914137
508366 171402
50379 235826
83362 424704
398794 795499
720654 546627
352723 469235
26923 57091
588086 444711
193605 886928
798266 892015
519528 636906
773029 799725
520432 144780
546463 596949
390618 759145
897848 177824
938373 938155
712350 34734
19857 55352
25853 887862
958556 606002
476777 438320
589405 361594
797989 451682
71775 153015
540257 222062
29250 49658
170153 610672
284635 643830
39165 411853
848482 814140
32249 490136
532598 766360
394209 505821
539812 532397
455912 941707
242131 552136
761055 3711
433176 433807
205892 201016
679487 731636
95899 629914
139298 260302
494611 246312
763340 2106
32451 473157
667900 681026
620774 148824
859219 78038
942525 92524
863009 208511
488852 977245
831619 189645
204676 389767
18576 638696
701573 776030
105937 676877
352282 223697
225858 482051
819976 962360
881372 882186
855962 671510
520185 148258
243756 667817
974196 508430
627769 672268
445432 141662
563157 218538
886255 652121
363952 439785
674595 45624
402267 149590
170326 662653
188531 472078
383941 957303
94853 758870
425734 284249
679714 779127
589695 277692
865802 800100
423568 367111
454750 323483
979422 836790
710099 586635
477902 405770
395641 754171
204165 521739
92079 605494
112888 495610
286486 725562
579297 331788
821208 565027
220989 579638
791404 685597
667996 300037
450339 29835
722904 661757
484691 494595
796105 676624
158362 14209
300660 761311
570383 641986
853954 569802
392957 145025
352103 862365
225771 2172
636768 100127
894546 221961
41618 244773
978 954164
95090 233370
555233 19818
306806 696790
963685 848333
319382 714511
642041 693342
67118 437154
168350 808219
886639 331349
502125 722404
144718 747437
313203 485259
73193 223027
172033 668241
360031 475879
425700 740371
206366 869303
521751 374847
109465 610026
293596 312709
876437 846801
137531 366449
837270 360436
68435 864285
275986 473832
371781 737941
270598 774314
836954 890091
988357 10671
275654 525400
315450 438780
978934 578206
169074 991080
525739 428850
533249 383616
162330 119879
233936 297581
565247 463216
429704 104461
486298 60344
299401 873373
845747 371699
944489 580967
858749 572931
379011 387539
193211 796732
869066 14221
265315 426150
744301 981910
130459 922898
829618 603481
424150 334461
990950 538007
965172 252208
831329 372120
427767 348401
235716 753101
517324 172133
507609 112583
689429 843293
966052 580731
265410 956617
34257 141144
169543 861163
433027 469909
436065 536269
662452 474991
820653 308494
207489 609045
777481 669048
692386 321235
183993 534188
926223 161690
392694 762181
757196 704301
361058 51303
109607 135204
284953 957833
952975 272672
874322 800978
151897 205124
103098 611957
386077 810250
808350 522842
460547 910824
18480 160374
863236 876315
484315 678360
690946 194050
998636 314244
684854 780448
134975 689965
554564 321748
746514 732221
516607 359639
661357 296551
395376 123885
210567 582459
40856 608396
808878 66969
741375 935236
300756 415082
329597 739814
804590 521373
895467 461235
283280 179794
729472 14476
267567 88121
393558 425125
404212 355433
616320 77750
735106 278793
439568 428893
18991 395437
345756 375044
739139 568573
198973 850517
689159 556433
934660 156906
12932 3626
908521 607525
787704 227361
103361 301607
526521 659563
545995 163000
27102 316309
246009 479846
103561 161177
42979 665391
535534 885180
688115 674068
117679 218069
272747 589361
522479 192980
28263 74838
628902 16922
558051 757873
159021 191436
45546 747539
306776 413121
685867 592423
424443 871737
630856 764822
441273 406049
441904 416160
940068 98694
263365 114409
769974 197946
23824 30183
248801 945282
166673 688807
822988 401574
380307 420801
509601 786865
975429 598707
742134 849439
774947 67305
583366 272285
342080 246225
270665 435603
602418 849979
292057 377121
808723 917493
528250 208391
415561 928333
396932 862402
217406 236519
137504 822228
278930 949061
784006 476235
610679 478913
616986 819245
976067 157156
46367 955489
903676 879062
444725 443081
263287 854598
882250 2955
656954 583530
304001 146234
628348 447504
432217 700616
138816 257420
139606 922344
281451 553523
711355 37420
731033 680556
866177 166830
291307 863640
600259 820172
950287 777327
116096 489509
458604 198958
840028 178200
10645 911148
627094 853160
586361 791839
549105 407366
168019 844830
911818 722425
391477 439626
64161 506991
57655 964469
673211 436286
696626 613561
552496 930214
968553 471173
570205 752418
504184 98263
105231 864415
557515 415003
719802 934240
205177 814014
967873 568602
991539 908066
565181 852923
301147 415762
670311 102268
90700 390805
231328 651723
666540 442989
257291 982872
414013 80466
867916 598508
712839 860723
189995 759487
189057 47618
435016 651948
970614 652695
455628 865189
187578 958146
77817 730207
794350 844376
663273 404937
599502 968880
330115 196410
855304 610018
123908 375919
58433 445790
527913 19857
588994 200179
579129 427680
757928 580569
996109 307456
517885 27162
89298 797065
796255 257855
549373 668241
768916 203670
676741 959728
48804 134473
129313 592180
228244 767991
621304 144023
406087 693140
124737 279171
732435 576469
781644 765155
44080 7137
257344 362858
269766 622920
417471 250854
163038 270575
18845 839917
426649 765956
878914 882983
288123 763476
928047 821653
1707 148525
740428 612770
416948 132598
25129 687452
154792 831235
174387 980839
129509 264611
913441 762142
427603 184236
269956 556348
700638 42170
424107 690989
20066 234957
11544 10806
479768 771027
513157 330394
833815 642770
429723 480535
824801 540185
367067 304590
899498 895292
274541 301298
299122 319013
856259 649388
876274 210435
675113 986918
923724 200163
20242 666779
322491 282998
377992 600523
455513 396431
697729 876141
23297 808626
155732 745591
428119 412638
212667 600580
283433 423022
228371 663500
878110 146325
248099 115098
397286 690412
432497 738603
285874 762226
376540 408144
953212 115909
143589 973968
94104 954542
839027 292561
614417 499757
680326 679339
962721 950816
320403 273797
837138 361876
686310 29952
280252 802007
355138 856829
831827 392383
703978 160219
415361 69195
506397 169015
813898 659430
693064 334189
396614 660266
268650 716217
713988 106795
400227 794456
148940 860824
270155 559537
345014 532649
38847 986158
589755 414395
526668 766417
686442 869114
78155 687227
96245 646633
438190 22091
825429 705462
491592 421870
992007 546910
629746 878989
52240 293200
777423 507775
473566 649185
960422 487348
749781 403580
957935 993388
34459 751130
264085 655943
90593 220366
967317 961898
740581 386703
96161 533498
990281 465205
403935 264472
835816 553131
624306 275929
651046 726040
770344 471815
417225 525864
797422 751296
575965 163774
891590 275664
772809 878831
271180 747752
606071 280842
696086 622664
414343 720338
511961 589741
253617 555756
13200 137943
850634 658117
688758 375724
220126 485535
753771 425123
316397 172991
919845 298683
673477 168051
616975 128153
229338 44436
237008 185586
761915 456426
986700 876358
43160 678107
378808 281070
296373 382271
574394 753650
558647 308695
413243 549923
177142 307393
611905 846738
657146 683534
606542 760610
614586 539380
811667 863162
170275 555294
530085 623903
383075 113255
966091 332885
230771 917706
799767 983615
321677 515958
788365 625282
302932 61687
256359 770122
150097 524685
655243 296139
69927 849882
923719 325565
785459 12754
227303 317546
391265 476139
351201 338966
250346 69198
869396 740595
738642 911772
938302 65781
861245 485255
129551 434184
277554 45330
36394 110103
863131 102088
169162 271943
245103 368599
828047 321957
631519 36882
595858 447795
735716 90312
631140 782905
229953 865132
905359 243347
483120 287962
854309 568329
607527 902732
33387 681746
765168 469009
558767 227018
166398 883154
501686 855311
168345 279159
390040 666280
137100 821137
966538 933006
47465 131403
234455 348696
191201 676205
397266 304571
371634 634459
356864 858097
138978 733459
76325 628199
734638 301077
860914 965947
50773 258297
681805 914876
493148 423560
532637 317403
895580 792878
885104 413173
152168 548408
9888 887720
728570 531407
986676 942865
465706 827434
103816 564944
630461 306428
221860 781979
12465 173407
63675 106410
867533 996907
313799 577296
449248 655376
778480 583031
880774 644950
775528 216831
195079 451068
916630 36276
606105 616379
118505 549598
189414 573403
421666 67516
638147 179130
27307 567112
91764 760418
331064 710195
291192 816952
269551 132915
957710 493917
29046 749533
223114 489667
624531 838594
710428 772796
677385 205071
230908 148922
598082 101958
26657 206049
96570 637427
350571 427907
847861 543526
808292 38642
926824 802295
691817 664437
657040 883458
33689 622094
51621 765058
545452 196181
116938 296692
962802 151695
144882 887956
496653 95995
294481 571070
768626 351116
816766 502484
368721 140475
516511 717944
594740 18208
5785 677064
550100 640262
961794 150418
48330 988575
355246 968237
42549 332851
835137 696286
708740 956985
358447 589342
439075 445170
662221 95023
16489 800000
219332 886192
3179 380560
540709 37562
120087 116592
77093 80885
42914 306509
442774 600821
692012 133664
108736 985729
344643 979174
86845 170672
715474 880440
391124 459682
510313 932697
146701 872589
258408 949095
91064 302169
406192 605685
706995 269391
740871 242600
194006 571942
469382 158523
912973 697855
28505 147086
818762 230308
159198 204470
336955 277282
356674 722094
851141 592084
209732 76920
51429 100961
296362 861565
134803 613161
211534 48337
814416 133462
829131 663669
777541 917587
478551 999900
281703 676331
762133 326526
167403 234773
928535 22759
840486 430172
806062 645840
818155 934008
629497 463502
87148 714547
162306 537556
340065 72830
6581 350391
89137 861745
358178 312251
997085 705169
13820 342346
384234 215621
320643 739502
914781 312527
327723 906071
198618 954171
490750 599440
496770 211448
474239 388147
845242 20098
763506 190993
528237 694484
417916 325493
523783 245778
523358 729047
151459 243621
923223 432027
478569 699701
509620 912899
143997 327168
477163 727832
993503 413904
461371 14836
698886 361868
426425 455556
142628 150071
868494 224247
129835 788098
454669 864669
726183 668579
643178 490282
970544 232234
533423 678877
412266 642170
644229 78246
963656 210414
559670 624223
878222 717180
48238 994077
354375 176998
596881 888042
282430 18878
887375 464114
737830 985706
96882 206290
930290 210302
662403 60526
610290 186112
910111 24817
916951 361125
261046 778817
665517 403317
748102 37273
918921 112682
781112 808038
214909 95504
33906 471294
424947 106782
171167 420528
235920 437396
905865 890055
726871 995990
992544 758593
360626 117443
894238 209701
467529 72051
931961 187441
901518 39364
629910 864089
600280 680682
559565 864644
175793 295007
65354 972048
357774 104551
632954 25517
674430 865548
650249 343495
951731 413694
769008 509052
844369 92280
843823 462171
145975 441798
392006 151936
20776 118779
238663 656944
779533 207542
658467 810689
89120 696666
865151 583338
182353 915805
297140 683956
97944 785107
801168 85664
858403 425752
431162 686841
446164 615771
625487 708366
500764 963212
595058 228714
372620 278559
682603 300376
708691 50457
460817 884136
146777 147779
445640 516120
80348 160100
669829 995716
268367 518211
270242 775293
397958 393102
734468 555096
56144 655302
629024 668736
513850 307712
786939 953705
398353 502833
886667 616867
797352 474380
77388 326838
574461 508983
471475 347422
196000 505532
232528 785937
824090 351693
995035 474822
431812 488889
739614 131467
62016 596793
958169 251086
585359 536455
519915 461790
6613 791231
733553 676129
358578 59346
977687 998947
192093 76258
768646 181184
325000 720651
876235 697084
567064 696222
272917 115886
507208 658522
531589 626910
392785 400837
389023 247891
215592 504683
913567 276169
817219 776741
126455 456787
308805 202884
980077 212499
166030 513627
450805 953962
344925 446493
530668 911551
198847 702884
405356 513051
880016 162229
377489 417483
744086 333661
314133 115682
273023 8440
427983 571231
327248 981828
866960 229750
383088 119673
187878 960599
279926 478408
847087 341364
623646 66990
951116 466438
592883 35773
737725 477973
933572 526023
211286 745921
864959 983168
225383 866360
472127 997193
827699 157552
77913 16845
752596 856557
788989 150352
869999 439301
169975 426704
319150 143039
545003 24698
172847 741137
60281 689770
283174 891754
783318 522660
335832 699187
924477 299217
468669 428153
607333 17003
528964 393250
322383 176313
728074 967441
58054 341265
534551 865514
381735 751436
357079 898755
161876 449428
985735 674778
121685 17122
735997 322646
652650 43681
802133 10356
952241 699447
120658 218717
881874 445513
150949 418491
697636 643168
391426 177539
79075 661566
865023 610582
473998 679591
573089 197901
565299 277319
645201 455051
728598 458894
120334 369405
943099 187314
246687 481411
942577 513929
687141 475985
144596 479051
627862 47748
257154 836711
130847 336093
80710 239413
909172 31683
139664 144182
551587 101561
861794 49853
747395 829454
903598 532804
154546 439322
234221 644554
519307 190843
210396 382979
437857 579352
233819 846770
106397 836257
413314 969793
795951 582561
407555 917339
205432 329194
671433 670592
83902 562089
895120 209868
862935 25380
588902 751150
325951 937454
529009 662256
897535 151588
631419 937098
640344 622269
363023 49470
397940 79438
385513 905462
234250 605879
55244 808445
213301 94391
413813 677879
62922 35455
890995 350203
35174 238842
34075 761487
795268 706308
445972 208057
410699 973672
18129 311638
961869 898816
95286 55947
