1000
947789 133026
311378 123183
186026 843255
721085 23509
550037 580573
979257 328761
397177 74183
396083 797385
495026 193303
665489 377945
909145 110423
722318 506942
38749 307811
607100 132181
689707 681763
242889 137060
321099 685805
914941 472086
415134 293233
463310 952778
288186 331056
701915 61453
966811 688154
538340 91844
896370 362295
416564 52775
542183 156548
312163 772727
192693 50240
256848 859170
859870 945134
331044 959651
1338 440879
547766 561196
969146 611849
567575 872460
394649 612978
127469 30320
991353 382925
826170 169991
466837 134262
32477 367977
614820 75594
394464 841382
953740 513847
407480 57353
662933 228382
254041 566691
906911 546088
968206 173912
144221 25074
73430 966872
156011 383265
572347 852978
66041 715770
787440 632667
228716 715323
981243 872671
886672 963000
302828 995214
158823 207242
918362 688524
590535 754903
784364 224441
152155 845952
884482 885701
474281 548891
584328 424438
183589 463706
333019 174842
322210 847167
307208 910996
598068 610214
391566 787560
88183 481105
565804 96575
465669 632919
590471 732931
421964 626786
926327 378901
199052 242672
29485 842921
176157 374511
225061 442178
605635 584833
664912 560256
626788 291592
31491 18064
642454 405518
615290 859607
244163 670612
655739 198835
126051 751986
288409 275875
668950 479835
213815 140555
776871 966610
769050 206896
640901 543607
40143 185782
926908 741431
769320 359550
889696 583263
147657 622138
100347 824275
688678 79260
552536 352841
634020 434713
320557 893221
831952 836935
145035 787152
244269 123977
428941 648793
44877 494021
941634 453212
456419 887406
184007 536714
221563 327483
730962 406172
73739 953579
444143 317173
867562 773654
418368 472900
761205 124325
839290 434343
777776 351201
430921 960037
749706 88840
630868 976437
98916 40024
30502 699799
187175 62780
182032 395170
760683 216920
329710 540788
71565 693706
3784 404525
367123 77908
118482 635745
126717 226166
144006 128407
835669 337972
252103 390206
602308 989826
700761 121936
522853 598726
480678 913115
34883 179900
41912 868013
425314 229435
422771 750774
683001 64630
182921 783268
67013 168647
182115 356547
455311 347552
938019 365926
615299 953248
766404 119734
742641 369864
237088 351844
142112 465567
977517 587012
185437 654810
297026 61171
595572 112565
640931 387769
906578 466228
900980 95248
464742 342001
893222 297987
662575 666118
461401 665847
628501 250206
260740 587020
651299 165086
51210 846113
592236 362775
968123 348429
647254 331235
427277 115370
261232 954407
976328 980099
426469 511430
954019 605802
450466 195296
727173 319495
614327 833060
815080 288050
806307 813857
979554 560521
884053 407867
864800 386400
238988 485435
898578 169956
357653 623515
674423 118233
362487 442298
845923 437076
201831 181719
603736 434852
194255 351641
347676 289403
352145 25370
460317 482933
80407 743399
819329 241639
28084 626061
681203 542713
980552 115326
578759 373529
916941 83614
294245 127229
563728 174979
259380 549084
312079 523290
853592 469799
975518 29259
979535 737415
355002 443772
690876 479225
347096 52875
826444 944005
225104 435369
677009 362144
238856 369317
72199 806506
210865 254105
688927 592825
172655 44463
89549 875918
682337 536478
339707 450348
918142 848674
969140 960106
861155 256739
145764 105655
768726 196679
127604 498280
839400 681696
835376 952387
47804 659223
496699 293344
593757 190903
897532 545938
298889 656574
666924 89804
153091 726490
122595 371665
354774 185
280716 357809
983888 437585
179925 602640
687942 969401
303468 601335
806163 330355
127467 602436
367161 194985
57149 766401
796234 251466
738909 595801
951475 386561
12329 248561
136446 605528
714348 85675
579318 534892
134715 892908
470578 441411
22961 42656
842445 235403
959519 949335
326135 393891
195921 790241
599867 59330
299448 750677
356185 291537
920777 760856
571326 972242
261668 457439
315370 133532
50762 265350
725081 18754
475059 583102
195712 594591
558061 672270
923783 601489
757405 263888
206698 122699
598186 24863
420888 933641
8025 807094
626187 711268
628903 346766
416529 361537
513390 902975
213591 596503
724844 789265
530643 83586
273631 131202
211900 477591
468202 2031
742462 165476
4437 154486
760615 922193
658674 891201
193795 90912
657762 75238
391836 313544
687377 120457
881575 936361
979020 517656
147151 252952
457126 163814
290698 27545
255330 57360
890876 147896
967705 719306
868686 630048
401424 304686
749080 33394
745390 739815
706040 188767
88456 75589
396003 8457
398367 443345
821806 684617
634759 692129
744637 855863
635052 897398
449807 111920
678975 286580
898121 412230
137640 524730
323589 320725
533448 786124
598544 406604
234257 692394
368277 466884
122586 834050
413481 735061
432391 605769
406246 378415
274171 776025
59052 713917
662948 257329
392600 723507
47937 157741
351134 715536
85095 521061
569561 60583
788733 273967
150337 496774
415738 795497
182836 268704
182802 615912
69634 369312
261389 672216
294088 616883
962231 916421
493937 498181
153170 68042
832822 158673
842612 201441
704167 221902
66900 582343
581569 492429
696970 529478
732605 329011
35867 357127
813073 718303
973977 888849
315908 74277
256918 781650
704328 212530
876875 362196
631980 556734
34021 120207
84309 283426
339627 790698
25788 743968
381165 765489
271927 367662
590931 424042
292001 395497
571756 588087
857216 273684
992526 456727
672102 39610
234502 167912
117502 377491
981144 632425
422445 951488
862647 193547
861688 251223
734799 397254
115531 427108
568194 733194
417230 335254
453502 724472
626383 509146
705594 457320
934249 209419
785247 624588
367696 554923
659611 530525
169409 560944
411044 334237
952198 184197
189908 4155
399149 358502
374178 306543
743468 454702
276198 102091
123344 394834
962242 379025
706309 181120
267248 999477
884667 337740
238575 382690
600654 715840
685493 654801
631957 791096
76014 358674
131017 95975
83096 519022
572565 220858
590747 98330
467568 517445
301971 692147
559095 694973
139813 386406
540374 150084
441813 865985
487002 274857
350134 713319
297491 295086
118172 769858
196114 219291
761902 892560
711015 104779
395400 158721
347205 309255
380593 316711
765869 680203
634269 149174
261216 328561
467898 241730
684496 412589
845793 718026
404060 843042
61801 571903
579104 924789
589930 623064
823433 903322
806740 227385
383909 549189
825260 579623
199815 862734
32482 228346
797586 652261
599993 257639
787408 632463
165879 605090
921243 250610
488239 398582
355115 646665
816165 863381
28262 474622
535445 65609
52325 163685
921989 538363
243248 669231
960716 635183
853297 99220
330466 940009
200127 73882
148311 753542
569335 564340
803976 643839
418062 260808
88871 235509
468107 100964
454540 657274
934685 349355
980414 417454
49002 140375
919044 412293
889263 137469
303511 671541
332076 459489
795947 532819
375256 555975
879433 119750
389138 292171
55008 683684
738879 521990
917201 683106
580966 335832
811075 773056
381981 331867
132413 336355
69019 553760
848194 935991
742541 363825
327743 351135
403782 883101
404674 904074
719748 427679
813919 448943
778283 655645
829246 821571
988818 921054
37559 615397
379662 226003
552471 38054
617657 273758
541915 869494
204311 311021
491670 396931
474670 390389
994731 198722
241140 615667
785242 174460
707727 294449
352709 401946
770270 112388
56424 62924
24632 562121
744835 500050
930236 476741
67230 312727
125720 783362
132620 757353
296280 57301
453880 499942
212409 701855
590040 866188
412162 39818
886025 881981
875285 376735
723988 913076
104127 305986
81338 849280
197002 970121
683429 402528
78365 616076
436453 267894
619839 259284
27911 662301
793385 891967
975515 825806
125251 6583
824035 307601
905133 566041
253857 805252
811111 787230
290767 900931
414459 527341
79661 261055
672512 436898
166950 944872
52021 557133
255607 111644
653704 37392
28329 617141
104013 85886
95188 357615
308961 552116
826670 632609
61929 693306
570435 423591
359933 902133
501222 623651
306851 37077
224280 3153
747964 917570
420657 944164
580957 825205
853013 884198
266995 183350
318997 911858
86042 697335
283716 624619
384649 904971
200795 93231
388171 852081
682937 515194
49680 161869
598899 258530
455578 834532
514383 62155
538919 980061
6009 147868
126411 180489
691554 678246
159168 472174
66661 19534
737542 640028
940187 986819
897194 573220
288587 887966
172659 496334
8652 899941
248254 440061
392408 64939
73079 497161
364217 456133
528965 511465
416058 959397
196296 768250
249210 967462
31740 857653
442454 264269
64788 666419
624949 795970
393033 650737
721699 404515
113303 328269
352007 501529
828345 411955
915127 576208
598410 621196
595521 13085
338826 872189
814707 908694
738390 704611
989376 43088
302170 717401
631441 373871
425799 715349
228011 777418
332025 102001
444566 222799
297410 794949
532512 299517
744329 527537
137880 969260
451364 418791
129147 329080
570106 393762
479602 811962
167734 225504
441590 128706
114502 616763
693236 548736
170580 908643
988700 459555
775413 755852
130852 642315
393768 488459
573759 487437
198705 894469
299512 668464
429815 442990
172825 190501
877991 653913
734820 520631
527152 103646
931519 467278
740594 141264
283308 838476
548612 350496
339615 924825
186647 720899
869904 430252
363152 85932
200204 672133
923696 61862
491886 164441
144680 65156
717256 530785
697828 713661
40523 343591
35337 289417
150767 704793
797416 441878
178656 614544
370835 47554
325995 66739
781770 736379
667794 259374
44377 635582
736930 835970
316499 157515
849953 467418
187040 736562
29065 474480
553699 882454
566231 665099
104262 47859
91124 273371
327116 772929
723164 972992
814402 934775
811918 589970
194599 716625
690051 912249
976704 479669
159033 345129
893570 405373
243275 981104
502387 921578
344185 707332
807053 189091
900369 119608
198971 695643
945360 430794
585889 555762
5802 331732
959368 883080
823864 477847
443774 775821
323941 568445
86365 346214
538575 217241
581055 814039
202904 745110
883295 38323
371373 721513
239980 439695
14726 114776
136801 254364
978832 66151
138400 730115
106371 297329
508271 833336
132858 249018
200335 278704
590883 327279
577202 376164
550345 700765
994306 936803
621668 927026
900042 776116
52624 947354
100206 962778
240144 327867
856447 362077
876404 976862
422472 75257
491245 464496
755515 375613
306951 891607
980172 452547
820151 575407
40325 126624
61805 212864
308284 113744
487535 290294
147281 699478
579172 765685
365590 680874
512533 281638
247269 944219
798666 411103
147030 823720
507386 242872
365087 819029
197169 845172
428751 947701
404496 131849
891996 62657
931258 276513
845622 276070
104505 847863
488381 139452
587537 854513
49763 818194
684694 637153
680112 969932
534220 959784
156117 170576
10510 860219
254213 615918
340302 428206
560788 889186
46954 966843
469205 91018
440788 105524
854204 810679
625007 102920
590983 652817
157871 252479
125725 59338
12098 277326
410780 576088
492312 359936
451250 583418
899985 866295
281998 791171
896031 971187
658646 557020
899450 248641
401469 869407
432540 566982
609070 498811
69172 611171
909397 274986
492212 585737
4474 323679
484030 131278
920646 793352
96126 435083
341885 793474
690227 743438
93650 4308
661855 19244
585798 987411
116423 913068
420923 757732
180489 67717
156760 709550
561533 576230
327282 660220
450635 790169
322415 673160
560839 692708
777175 187896
501815 618083
515880 524403
644298 193518
189172 893864
331301 837425
109942 888116
723318 624941
732149 608702
465443 21491
860520 276911
358880 11822
340790 372142
909152 733104
110014 835567
152498 473906
231152 252202
884378 429139
73744 906504
432808 630261
1887 633945
164024 496196
489309 872784
808952 533127
395934 405294
202484 267944
876555 151226
708269 406887
627439 5400
194566 611081
868082 927034
626919 517490
148241 872095
405155 42178
302934 401039
921472 324893
446046 394081
529694 263941
429356 91827
558185 886924
680209 299755
376250 350029
69678 776458
497272 293582
240294 200605
670440 180783
536031 312877
715576 761521
126146 493466
769160 710672
580780 392484
801678 272848
576036 74415
752084 27613
893741 653648
424408 602797
823215 958211
749992 718721
983155 652053
349876 268982
203761 591640
292035 909072
50762 493802
293012 504028
574182 879962
785192 615100
195128 984069
900361 536958
222333 926022
576123 5956
121557 529156
361852 812737
518348 719956
372522 868090
759247 777507
192396 316077
817737 853588
460078 837424
394498 893767
580993 996750
239468 840942
981243 557
427233 257574
611175 591990
4664 819489
854945 60902
206186 29694
316793 431114
488472 226843
433763 731580
245185 208418
952077 438528
690333 873204
82792 851561
56754 645177
785687 454008
786338 747364
236493 91859
884210 656701
148888 188210
949816 499780
55362 161434
903417 462171
138603 871074
193480 187255
381501 814178
649102 604859
305839 100172
755562 931179
75021 796214
943796 291525
602231 836497
207650 198303
698711 997847
215849 108501
587448 31952
815190 425210
16012 841885
668480 299421
388484 631411
881246 77292
741097 288310
927037 453830
28670 559562
740533 621671
513615 225137
220948 337438
162179 429661
678996 941116
68191 702270
955400 884807
876398 391841
216032 994085
836344 578947
62394 399358
168642 57249
105068 145980
720756 733795
335096 997436
956724 320780
50160 818915
389756 464761
426578 782816
838742 91115
734092 367206
980577 428195
328093 177274
251977 649384
563906 358038
350328 669216
855903 243497
469843 550040
729120 646992
70462 644348
705082 297063
496823 316620
18795 311075
325646 464218
706883 536638
440620 782035
852375 963299
142230 906232
761055 852937
232205 241214
594518 4532
176238 481852
20745 594122
413136 843612
403634 244998
273881 443161
121124 669660
724738 229829
61271 469649
671580 840829
209926 486533
869987 472710
926195 396252
808068 526561
484718 522862
771216 648105
202670 418814
893905 952024
922107 985481
