1000
355640 539481
243714 800667
633379 980975
689321 577104
318066 484913
378173 858759
210205 855802
59023 919133
596960 633049
338260 801272
662617 583063
429697 740118
153505 211790
842801 177701
427936 205966
704183 769363
743461 961333
24136 142091
818898 35462
651030 272711
222540 363308
276771 182018
548052 339321
340710 470372
100173 555521
554385 408938
148178 773064
920154 104306
516551 590750
987549 422050
859303 654186
314148 641396
927762 96868
908719 762684
835780 619901
399598 308021
316443 288400
699166 476228
16597 565690
807584 55213
135758 777507
336693 242503
503164 155771
186645 337008
144539 835875
645532 537409
840725 93383
217182 41298
53759 550674
954917 819066
663397 588316
353492 847214
382524 324618
365774 182311
545475 270783
603044 296366
687008 847846
79331 373084
67200 983310
19011 754852
311937 746642
178878 264586
333701 373249
315856 924031
469236 136091
611772 350193
40315 556462
498008 716295
220319 608493
754411 824519
356327 219717
370054 280352
582194 510851
327561 333169
424847 34626
228887 309763
757520 959562
336711 672392
251535 690577
644170 214455
663461 622560
788139 154298
442178 900498
333457 242664
13667 425204
990746 319110
509298 641727
7279 466037
857380 929813
958819 127246
853823 932077
471063 293858
959579 899295
110924 656669
330375 140988
923494 383654
560581 472144
98495 593538
349259 484134
67806 36946
910618 433247
903918 728793
571651 572804
571491 628632
120676 424831
32500 594148
757866 332634
357411 263374
67727 325595
341532 726770
940986 642087
250578 372120
827508 549341
629242 193080
399352 661085
672030 489069
365680 162130
772935 889293
603521 435781
345710 924706
167511 674647
288130 937717
950798 20387
716342 947438
419332 496291
906423 933038
715863 183179
731776 203594
650161 546736
141900 452620
353782 222243
639102 987805
353340 466792
372939 279879
786006 413135
110564 15757
505803 227599
175062 509371
124126 280015
919619 430866
779830 662875
289672 135250
572254 588261
13495 334060
343952 698887
83369 806518
24454 154444
650835 427608
492241 447514
974810 865814
723933 646443
376749 498448
406986 479705
373699 645839
842418 640382
674799 662235
57815 165389
391815 98221
213214 146968
931428 743794
499759 178209
982732 607067
783012 112769
15735 87678
588166 856890
98030 827880
907996 289641
357572 305421
958003 453475
631165 752263
574299 529565
748156 82216
597510 258467
892180 291465
63357 641029
770969 485370
461853 353882
931047 764428
450271 506602
912258 808442
239420 422119
130584 258811
581321 793851
658873 776544
47033 599313
159437 120117
168726 92703
718017 228375
491349 70346
805717 449064
740414 388917
94706 843798
152633 221034
956414 928318
904712 559384
687509 112291
204456 455613
994 153579
101086 531116
48270 733470
474149 282460
315389 765019
315277 377449
817701 508632
104809 605548
313308 984997
593339 606125
10688 387368
593622 274616
210817 937606
803789 138854
412007 838080
13618 167800
567427 770221
620762 28060
894804 808980
626553 490482
846804 598658
658051 862372
466028 736469
406024 734266
481647 652965
104182 169201
801508 235567
132695 798255
357866 513714
390535 359951
626978 290630
417287 266344
212268 327802
884760 412963
212222 587034
75224 51480
134473 201070
201739 723878
722492 866292
205932 260501
263418 780467
875586 449493
709397 156535
980030 139526
117548 527089
326546 130388
40033 734969
836834 379849
516284 282895
718529 243749
795775 717615
314990 616654
902448 721945
318665 620279
403447 301194
429166 231234
264629 521743
231008 581259
551876 809937
148853 737043
950112 68197
599140 759166
87878 594970
301429 445507
606629 95049
120662 974646
32701 2123
262869 247675
673336 1889
794912 699850
168143 610970
158150 788726
554586 795511
377096 192340
987321 378399
857498 654782
853054 365012
897814 2803
920211 331145
125383 617321
619044 451619
246639 103991
247644 830767
338545 603967
70903 950872
235200 147012
695050 718794
325733 152581
850404 310265
685880 581632
91734 193133
195209 661075
524611 260845
94923 896687
870875 809795
346885 610737
252813 565083
133128 563803
67376 175319
734405 556196
241821 108627
786126 806108
719208 41089
668527 700752
653211 110593
138026 895687
775048 141878
948902 367124
942963 221436
360932 867811
112394 809387
232473 585798
238241 5632
853764 452863
271430 821998
402087 350359
900897 296677
563947 694876
882517 630410
102245 349033
9792 695723
706220 297368
524538 163286
325890 520934
385072 69663
195476 779764
147013 273783
736632 757221
458764 226331
380022 480340
739996 910168
64515 886435
543100 139223
562740 769751
89333 817719
488088 214631
566640 148676
849425 932189
17039 488921
494524 595731
358305 46474
457649 372128
498610 483675
396028 857658
12899 882880
214139 74807
149594 637145
732509 898752
804331 865646
991148 488918
24216 815899
705023 418487
892738 289598
534024 996391
466640 440698
633125 48232
22384 376209
870287 464504
911102 512291
235009 663491
26388 764238
755760 679541
446733 172615
235073 236528
757680 516205
99595 390360
209539 587124
938294 575939
436361 193752
677542 783473
273155 831010
140669 136919
665740 415730
283396 849922
746623 51288
390087 819412
888760 963591
656496 864039
945247 34470
96871 548426
20820 11742
584467 500571
157205 118289
139651 244318
283613 840293
647889 205678
371658 937590
714726 420306
642427 504859
165514 921716
622443 527001
134489 441466
611999 413462
750647 877496
510777 865755
790470 972308
272271 465611
830774 838683
709885 162166
492322 13087
414904 437679
598991 107322
218166 958320
366390 465413
971686 728515
811703 78291
693520 227880
90823 198908
129440 370408
99669 715542
60081 673429
691270 558860
369775 338650
192046 705998
580612 140779
245723 243108
539237 390069
44011 18192
402203 641072
680075 773177
982330 794038
936089 478091
476608 214406
38474 836832
601765 397681
499555 502286
489019 838381
524366 470400
657591 540331
1848 819533
149605 800490
400633 888057
277124 653321
941936 146798
838589 806706
931581 785264
357855 163693
42544 985145
508584 209597
133515 499096
519621 4481
816475 268276
108126 191845
35509 366956
96673 304113
369975 315183
27141 983206
127265 970922
152262 773792
474658 229173
965717 422733
730760 955058
828099 922437
554145 853551
346780 545352
289991 484805
509234 663458
492738 828300
836145 295128
493369 107104
508587 765633
796076 972594
923577 301392
283393 468878
323831 487754
21117 433927
391191 432838
554239 26392
491764 627814
208312 938054
255477 964354
795771 754808
56070 839553
214338 265858
637907 326886
497405 508859
762473 425058
279722 270865
382087 683894
384570 63360
939592 229713
685817 483296
374130 370545
750059 678627
985055 938318
374295 523836
893530 65831
536801 664833
381425 669447
520393 777727
465749 177573
920742 547485
875195 23560
610506 853934
231370 307379
600914 397312
693246 16983
967768 654733
463708 729093
469139 220491
221661 204232
228123 724611
398385 45269
495715 409356
932068 190430
254416 815416
441523 568605
320148 613440
445465 839858
309596 813621
939507 147066
224267 508806
186510 144668
204573 96433
630742 751563
101872 751841
700703 79257
973679 423827
551460 503136
100498 548990
8015 571059
983159 214915
7169 982543
127482 153233
77846 993840
747899 853531
568720 312298
864903 273329
11707 856752
902749 506789
434377 804652
872420 263833
717406 731719
231197 385711
767040 333619
95537 793275
169327 953215
678375 880457
191008 528459
346520 839772
573969 197981
764556 863660
752746 78014
218797 253459
330909 801344
588009 579447
102259 402422
507790 567448
945395 824766
962630 921611
83209 855723
223655 868398
724062 867883
977854 412800
188218 369548
265456 361281
587586 924791
527395 182441
893554 407045
698563 188579
571195 583630
106557 914451
997352 764253
548945 80364
736679 549012
847686 787137
136902 301099
796476 268645
293411 163399
462184 204215
362583 187274
226331 543037
264104 215553
526434 705671
638577 959640
148301 37384
690009 541205
440845 525147
75739 734268
375109 81126
706552 513824
501555 898850
907961 799013
550240 400816
356676 454134
102934 478362
22984 835124
922506 739402
417424 22381
146778 577563
60082 69674
859338 719255
186908 648055
755284 331309
824652 29748
522357 172873
235564 29446
937387 409914
92890 562405
753868 765295
204264 760767
279390 488689
791850 808471
552863 141004
804024 368473
721572 431466
996633 791802
143644 115544
179360 518514
415593 303605
797064 209634
867434 389193
645614 403417
665556 490570
350368 926903
172796 330986
392286 198150
842776 22158
277241 768137
316217 181378
607581 438125
654049 875660
891905 174893
111953 622655
535647 720819
379374 831875
847129 518729
649930 906721
606529 52185
442382 217570
660854 686209
935229 987913
21556 83149
705662 12789
199920 96608
780018 407798
814591 866678
336146 790693
749356 805359
555143 60298
864456 616766
230408 962272
11281 623108
926987 391256
100339 559859
71253 345850
902057 67951
534298 708589
109189 373190
271374 609687
545034 953165
78793 61102
10792 373281
753037 376667
599417 967726
344821 467112
486793 933965
158224 949327
490678 808363
575125 668225
179214 826339
905925 990484
400033 404758
30213 488452
944766 373199
820280 918705
413797 804758
721206 283488
894770 7630
642696 315487
640430 762370
226737 117000
369608 720972
57339 605067
830318 319969
546078 402564
108279 947712
785975 450945
925802 135920
309357 4897
330903 411849
489882 106903
108657 388898
218143 834910
628374 378186
302590 346350
874324 25624
121123 12511
986297 35274
752204 731529
963636 821932
276466 52841
506565 452374
124267 656455
49162 784251
620815 833352
723711 355370
159666 585149
397082 162829
721617 25511
471862 584840
720430 186730
713277 394692
289925 22647
196924 966552
284806 26377
551221 249363
132526 773956
564517 805890
512939 770959
269242 702115
819093 206968
856013 380640
570413 961906
47550 418565
935553 618484
79170 618139
685060 45652
399212 775372
656349 158967
956770 529057
555072 848209
462104 737247
276113 663600
342381 146608
65656 637901
521660 422938
359582 145471
484137 585517
321579 897465
597838 267760
536860 946728
745116 650938
428574 751578
875733 773688
411029 660643
631105 967264
494528 824048
375754 755810
917715 356165
336515 453466
509118 747209
657719 91605
252379 656051
72855 437029
345630 366607
719296 151789
867648 964170
135758 51176
189287 563234
106989 258946
389457 873895
394288 826085
547055 602220
603067 575362
131601 410833
3129 588068
251442 983552
437403 97833
553122 825695
153489 860405
563331 45406
318708 388638
540336 101818
514653 407974
219719 185835
515910 246371
469865 221070
889782 143087
894753 389338
502036 358771
804224 303114
589257 878875
995561 277143
831580 954910
104457 714408
532891 339859
602813 414584
603178 136708
979700 141042
963084 61811
294294 483156
861705 39196
663856 421068
523453 992270
372533 29754
217611 494479
642105 213834
859828 772126
450113 52073
597874 259894
565767 635844
94782 755760
82853 828231
182795 564433
697282 407688
199146 332232
302926 175756
638530 456374
694194 74734
991536 530014
755981 457572
589341 163130
107222 856353
652575 572473
715088 985614
79386 48947
529673 299296
559095 972260
356064 911239
224986 516592
548362 711786
926849 357960
159006 119993
277729 109715
962612 861318
692931 418419
516622 699835
656023 623214
485804 375935
293198 911833
822431 741669
684037 577746
667799 198448
272717 679364
608150 603202
985644 237268
784969 577569
489338 519018
791904 130020
294243 950421
978205 261603
732160 381785
850510 905894
99278 273705
216806 191084
506721 762999
776710 426377
949700 553092
819113 641720
295260 900133
348263 577077
428633 571355
59878 764629
800287 625509
907235 26296
389784 232521
717904 25481
253833 725355
514365 276538
636679 892292
358792 697231
963735 505919
151801 366937
940348 30939
892826 121080
613041 343066
929677 702027
109607 755392
813427 545267
210875 551340
872516 688842
433381 26193
384252 439887
621659 206647
681076 286826
486793 984843
396469 997276
299382 93102
17133 654525
73076 753979
643074 121244
46922 972193
118339 813583
96787 214509
564940 215306
376933 976449
978508 530511
654413 954248
429411 733639
597606 955101
14428 928178
186715 75117
867806 660614
891102 358993
468047 302023
180889 882024
105376 113872
1234 537893
434765 24820
466513 707324
144976 102913
267043 962651
717982 238688
830606 69955
540541 538400
369879 985195
735083 517007
940655 192404
727630 576907
504154 11845
488357 108086
890903 447632
352055 152465
808484 285786
196453 55549
380110 319975
462182 57584
46231 125100
200302 821406
557010 117722
114104 660964
933673 481835
490248 389985
822582 164404
682039 804943
368201 927402
738874 969756
620516 83752
513450 951265
742030 264
711093 612589
413017 296128
306214 300269
300743 746309
465218 408920
508619 264259
587957 180100
388583 171098
796765 156753
418444 228654
689618 326705
56833 535430
904172 939223
938672 120079
965771 289215
915357 632485
174923 646674
584182 754601
881380 404552
443186 228736
227983 423492
502274 295987
889301 15613
406523 743228
855104 595906
893578 595760
83841 383130
849370 658190
358259 486010
735874 534981
933225 778036
122985 236278
357529 741250
312831 254003
850926 857988
336874 910687
116827 84235
465771 843790
921120 124552
179437 969389
842706 51578
403497 532429
412666 819970
744595 599240
252724 921030
15207 978415
892840 596221
925379 9580
420675 647681
336082 989690
414779 434984
328811 292532
935687 131182
414318 597117
889405 973676
490712 352557
303356 170817
681217 652953
796509 505677
47216 748304
703140 847990
916031 331680
784547 797915
292799 29350
226065 452353
36041 429260
325588 556777
197041 513016
537153 269779
541106 912885
903014 990689
665187 46899
491481 602126
157836 477052
769250 989793
883985 459538
670277 918092
639237 402622
566888 984893
89835 514796
745355 433245
894880 68575
