1000
380643 893938
732878 13826
133692 728098
830804 368448
726846 317971
516171 837563
475047 344451
638322 972965
330906 304690
705292 481033
746864 709673
375764 203826
108001 995472
699370 389473
77349 945687
506461 851447
329260 170528
520015 629781
884840 957959
257844 547005
787232 772131
102914 844588
679375 400217
380252 545200
894038 91577
867276 434617
719443 924737
700756 332556
174029 327452
297754 72887
860133 264707
523635 757199
171560 229633
255195 124376
622969 761540
882421 939253
551996 693871
562265 485890
981372 381399
950258 938525
673689 557678
710129 34040
283908 292904
520048 638883
97481 379167
477869 529235
814128 794418
163712 257935
806982 557598
80181 495944
748884 635767
779530 197014
729654 555165
499296 804932
228580 786187
148959 866471
238033 455093
310771 127293
528290 669093
928179 961769
71222 3086
777300 798614
856679 347041
388983 111256
952911 845761
542887 350672
74067 719756
983519 361260
302383 499519
663285 993587
732833 959973
602739 215589
943937 307903
817623 426419
912591 982207
400327 426895
883434 293988
433882 755094
266092 971018
453523 534986
577407 708161
791147 106469
887697 294093
720251 641109
753125 911233
334547 540320
323322 902667
616294 640044
841085 398313
637679 809962
291909 791428
592921 53891
357103 659887
511730 109407
171648 858052
727286 136825
398389 564577
658500 202718
819910 308250
883774 417185
451974 205111
770783 852308
469621 505176
722453 404212
743804 779318
213544 316589
363848 691493
765799 673438
531173 336369
385079 772562
615737 18826
145572 678075
349913 786046
133008 4366
268683 521997
436243 53525
481933 424539
749573 801534
201382 394367
19876 806659
37608 86036
223588 780900
111864 561808
520948 303252
27761 253153
939325 576547
499621 510136
917591 257062
948912 754486
687696 514173
959623 390741
520900 366080
758806 531813
562838 34425
309044 503938
905938 248451
612103 817689
870344 697631
78278 575663
714756 154271
816828 660635
38452 781826
123475 158513
592990 407967
363887 33281
63706 338339
573706 993419
621826 118912
263640 479972
222673 862733
69838 153111
274971 553739
843551 317601
956001 702876
971505 901399
766677 360294
29760 733094
58961 307206
797893 785710
979962 177857
286198 727819
572943 613397
908971 760169
693131 776854
548820 758570
252466 88321
435113 555002
912454 746230
5604 213512
399556 281856
794246 649799
226344 668468
24507 786277
705350 104497
641083 137221
966460 197349
596301 254331
763440 841204
928751 431430
247727 558703
138855 575041
743109 824789
627126 182118
324769 987786
570700 724220
35843 261314
430934 122944
67187 256694
445176 898336
725059 783512
810689 590955
583056 972532
474339 603272
937697 715861
162086 360106
374317 523299
94985 145673
517592 480734
594639 17856
564497 382674
450087 900220
252510 424476
233086 839804
222476 385652
362779 958783
852079 478576
301481 838589
378326 598926
919474 170585
26958 324038
137391 266504
256984 810311
377121 249852
793145 453463
877480 329415
416326 90176
725354 571365
726410 758938
71596 225029
761391 749700
509049 111154
665017 306678
418146 357569
998682 412068
306361 700888
525749 778458
860365 997712
736276 413696
628849 515643
49080 585664
631942 578260
460964 862596
602219 67588
408709 507187
291728 402910
15562 647414
115855 770559
952633 756818
93310 864009
897058 843122
867013 675473
856759 756656
443739 217747
70336 741666
600610 505857
668536 110088
360358 246774
318933 199652
197996 513052
292300 156358
834107 339185
959842 663939
970440 898775
30928 272470
25561 377936
986153 11243
468503 221777
168532 800196
454494 829446
823058 522631
935425 459973
255460 285304
312975 587578
659869 524716
459576 298412
483338 73850
641629 464549
380004 622642
784064 788047
617660 185241
918539 366441
928138 607848
116701 793573
393918 396638
171974 918498
173315 172699
28510 845159
610263 830434
267335 641640
864464 599472
566022 507
814803 452016
730933 326487
660243 118124
287366 459993
937457 294855
706495 551210
288687 83028
754048 259980
276913 101782
955573 755731
542633 158126
841839 491761
187180 368872
522968 129994
470949 710025
212479 839354
782346 867749
347826 996497
168922 682173
23414 245343
428595 965556
972988 737441
83037 360031
125693 594359
927913 66736
223547 603445
205620 348315
532874 899049
993075 810762
35795 572108
728745 965164
587669 677351
343917 910638
774426 69546
717480 697345
35795 490587
245944 694288
982168 828953
755905 63795
141279 353468
663136 404813
706291 454421
216656 588485
678417 16504
673193 168359
290884 589862
903658 804421
163938 60471
200532 348452
242971 216490
73775 171398
9747 508237
533077 103292
155111 734988
68257 325455
778545 827159
770294 763243
438517 279720
609585 296907
472887 627067
509460 934935
602963 233087
680436 431479
662262 560706
134951 596514
935270 577829
986954 500623
660172 868026
386963 91929
916574 424101
263334 559403
171008 132822
521405 711058
351909 283745
605387 42234
997628 18622
101967 48154
760519 513557
739662 291752
952754 996185
158919 925807
367104 17161
926802 940759
501825 837660
885457 14096
881203 734284
395560 218899
73574 818858
402032 59493
954890 400221
46222 419454
996394 411895
255443 940800
670141 663124
582615 388166
622748 926081
452009 825677
939910 978881
704558 194401
281552 559150
272540 854828
725851 737153
426489 569991
737089 698434
992136 17757
708717 749946
612603 116493
115524 797121
806823 204725
182749 84774
549932 143931
23942 570656
251854 888818
700168 964453
575675 809453
201067 637945
331199 635835
768107 944073
923263 858070
985156 766470
826824 206247
774354 612898
301029 126565
927223 554511
728436 865347
841418 258323
235939 687033
920078 646681
956748 976682
434409 700762
371700 610390
1606 919245
112578 286914
680007 750485
952479 169971
315974 433872
693937 650814
420617 988239
117159 57735
488368 720916
866007 874839
925347 523909
552610 725227
251132 124007
901662 236694
234433 717738
290401 950975
822353 804939
250922 71587
387890 712040
724096 301382
70772 614602
293044 126517
46422 153462
75482 279697
189960 738283
85698 263689
661812 444312
298007 955035
520491 755793
293947 236226
357383 184977
970774 228894
507586 252107
484720 442934
423254 829294
108092 579890
760978 688136
358637 601148
118772 833883
314382 227292
780789 29839
224912 867189
581952 727948
825765 443536
497150 133192
996461 748163
862548 917160
777668 611907
132197 263773
409999 645288
369207 439532
188314 891389
216942 882128
788917 483898
896529 27273
701854 830411
622989 607110
301044 477343
331678 159427
246943 968773
747884 182286
915208 177455
572939 554433
332426 187195
604187 172474
404158 682937
436155 43209
838879 102775
802327 630715
199088 866610
817837 981940
654035 114170
854378 707661
557889 611934
138799 53131
613908 392587
141951 184307
282692 301760
646155 477829
696134 683084
298630 49051
826181 869077
693759 144029
155306 465319
96281 160314
984753 933467
450030 847015
622447 301363
106820 481624
143807 387093
597646 424422
629051 633293
370974 237155
140037 919675
341145 855330
157942 690884
383150 213245
588178 476021
380369 592170
826764 741020
819746 611240
912786 124424
994328 142706
634612 204055
925884 447051
20317 647424
490634 483721
625014 393304
320179 582108
667636 196027
433205 663242
986031 468602
418095 658628
413413 253451
525885 92892
619368 491150
835285 63524
30504 558825
643733 42895
261615 222905
251209 959945
881180 8056
464420 655300
875831 590977
44588 781740
286981 956623
632086 853587
246342 289501
905463 591075
590775 512432
302626 862272
418643 556222
793048 189450
458162 210211
1546 450948
370559 677462
831045 389111
378024 193497
963786 496252
953110 563128
942684 546526
566992 83341
51820 818197
380433 119926
421094 101916
809323 89041
593099 369807
874326 188966
528552 556966
972531 741841
987304 146503
671394 820967
888866 25365
771158 567517
429825 248182
282260 64378
717852 357949
563450 818279
975317 931480
251093 611313
37080 691711
998678 782958
666423 507345
210262 755823
566735 991463
694220 332502
74818 921293
794524 113133
320421 106531
384388 238645
990539 344494
267453 816599
176989 88976
381002 935628
678688 179838
495790 94025
170918 901490
200426 587208
274303 807972
913298 933460
888869 184787
177691 262336
247434 576366
869768 883997
955056 838171
147003 106343
98727 170655
339255 309945
560280 910361
398356 82305
116153 389453
200948 131767
173591 161353
710471 212761
138571 49766
472472 154313
498318 999176
816154 290710
666777 67570
406210 176190
882577 250425
860410 345254
156789 295546
21464 582873
800922 292614
84319 284400
678261 26128
437514 292307
75339 564707
543472 818652
572581 828398
727869 974606
739046 794514
481128 69715
593900 555375
502660 594218
85348 170013
994861 988617
724038 49677
769792 57060
129500 330778
180997 458962
496989 134985
63380 986098
159859 196211
165263 433275
68113 321091
247825 445904
781990 165021
240338 927150
439913 741538
187521 610831
662000 325489
61734 688405
310707 500879
291327 789938
873223 142443
600355 561899
461869 929580
636684 137370
167563 163591
876298 640112
104130 184993
894664 79174
292105 811262
307145 934585
50191 127258
571002 706372
686971 515149
756700 613425
896952 364149
747102 380784
286849 695801
296270 656818
172375 372640
572355 940368
92377 73439
457327 122704
58606 823019
557226 813074
981811 120695
571108 383894
866649 693792
440781 476511
757679 806766
170239 193994
715875 836591
666253 92075
986359 271005
878291 722299
365704 171862
955912 877760
476160 232350
145289 375701
71754 465690
697892 311998
601167 724176
266718 624683
513291 645673
253072 924965
861578 633918
389164 541688
553825 915908
886573 989431
497813 426200
581165 182418
750408 299214
328223 941704
567979 227162
473966 809193
437660 413687
471933 165773
475537 986936
229830 599904
271919 327260
644602 622259
343 648686
665384 501478
26328 413887
850111 439076
43719 662484
708384 572736
89469 210166
126633 154738
274203 51164
230111 653192
872771 178915
859720 568138
283139 461761
217415 575074
665549 875409
126746 834535
409176 178258
107368 411184
583524 423890
218699 691828
206784 200619
307600 11914
606703 284810
927986 784874
219397 749040
134395 798222
567057 245487
273769 198310
994270 895752
139667 211967
626358 63466
998671 405472
583203 561454
349472 292204
659646 756882
341868 197288
568719 437630
266639 9820
580128 518466
141268 661126
148916 836532
321313 119130
497998 456092
177332 699580
703093 639509
363335 692551
981361 387301
763918 624865
645870 344599
243194 891215
921334 295746
783168 377066
659704 959701
892004 907661
757620 749880
977685 390625
509071 144073
509667 47675
858867 964341
50075 673107
81494 787356
715012 694966
405843 170685
929934 238669
173548 340162
422145 918131
657552 764603
339282 531988
462074 785579
274525 474225
625952 813422
963384 190382
484827 561121
635697 429966
422114 866045
920604 770907
241809 533268
184628 644641
855785 658280
69907 711089
286891 4502
481916 732601
428057 206172
863788 652467
752634 592731
794083 400877
254498 248768
37544 243390
25261 368766
458051 672313
494734 858975
881939 995802
696984 697645
209473 859772
757141 580651
475100 44470
274273 743068
82667 127429
302000 373856
771894 82198
81839 486167
438874 692748
224210 770994
686583 155318
616041 371811
948523 750233
416896 553155
560126 683595
599448 941814
484328 899153
839741 186861
655135 820852
152663 628695
324842 829057
331119 844021
163753 959117
163172 301008
293570 335183
278907 991051
229484 350490
264983 282978
760030 44761
575663 110243
903244 571952
723756 903705
959868 158287
29070 81826
38535 939280
204880 110262
15484 107916
973338 596498
981921 517104
670995 751789
452499 837503
827273 859480
691166 559995
75932 191386
69658 186382
113009 280143
765520 951717
307131 242067
230019 412533
755905 417916
339623 845348
349637 504614
560484 35046
387059 536407
64575 531168
247595 556461
955299 846921
848753 864901
415936 287469
987581 457277
489512 904723
161388 936718
311782 362906
90660 863044
155120 985940
698179 33935
592276 228403
225118 282926
320078 573559
596933 962972
373791 384089
62788 833932
571729 442115
434931 8157
535916 310898
777914 469338
170875 74017
166626 932381
526379 265155
714302 325055
787092 948384
60484 90444
893587 278811
337136 974821
407995 782495
688484 22983
636499 119823
751923 941447
409568 584741
723802 349249
322097 33027
823197 657761
591767 826255
762538 712466
488416 229106
867548 39087
296588 118357
393666 678394
307160 434842
962225 112483
171928 596641
76573 200038
66631 141704
827815 710632
552735 988313
768190 354449
823559 729970
588145 313728
520062 875438
174748 747100
369636 138620
721890 97874
210525 889268
476966 104470
720115 311203
963087 517201
350026 810089
753578 197141
769136 188990
380454 172551
758815 330968
588037 100415
881422 183945
604481 997710
622477 963159
186828 999510
613137 729634
784803 207161
593414 152596
624737 81559
370950 792603
644993 365583
503545 264516
17178 270512
648461 395213
689088 450583
753025 235638
859151 94329
503031 217958
894939 651293
15577 134437
844035 104518
697740 43638
106961 281065
613043 681615
606700 338229
803643 880136
542746 477140
873150 36390
216214 450759
356601 337051
539874 203261
658239 361160
859210 837475
866779 578380
855880 130114
983438 56664
633048 620898
336166 132026
207499 504048
336338 538058
289327 619249
833114 91589
832064 453866
718992 504192
48238 416211
327960 820753
116415 804930
786682 68829
442300 498524
983917 31246
292551 410126
390441 120324
324005 202199
374241 284599
152494 532461
958866 508196
226303 950546
131246 355121
357815 688603
391762 356267
832893 959233
609667 330597
572685 264606
335937 755635
489530 930975
976902 23756
407558 474818
73481 895520
890487 351389
820064 449262
61189 84474
801811 480384
391727 62439
666628 345790
132119 445106
987875 676676
115189 158038
711441 78660
