1000
568552 196138
122991 494068
333772 380733
434906 855455
594652 558236
607868 792879
416438 461981
809281 855853
157522 44345
495560 770787
881138 357231
490345 137807
222910 299878
996372 561332
587050 441879
278121 898073
264295 900092
915564 888290
853924 854387
100528 650825
677191 429670
909882 334203
30468 158249
531298 52053
568393 299123
216920 352601
160202 497306
170912 242134
422121 813679
345956 833781
611452 758213
571828 599336
537495 833933
936095 748435
620216 489612
249946 692543
894576 398565
531879 766783
289159 843652
128105 899591
367544 72264
122285 478858
90618 764151
246298 985504
541623 59414
657765 306518
923776 923358
302159 352630
288944 765609
978901 709862
538049 354636
138457 213434
466947 658159
672139 239070
778517 36709
63995 741146
436324 754899
307329 650134
375518 396421
171713 32204
304573 894856
76391 247653
129999 653394
32838 986713
811866 931982
808952 252641
918928 761511
176148 896891
467043 862323
283050 742
369435 617890
795905 383117
205538 657854
138387 2576
269849 470082
834223 315059
95138 366715
322047 957490
6486 583033
251280 200775
718230 347743
347180 796811
489826 369648
774587 607376
103373 912425
384797 2872
683300 547681
299683 644265
326966 897964
474574 58939
102403 609844
34127 629258
723863 143530
137050 36564
48801 506132
689116 633997
737897 406425
365919 792300
418461 398662
919006 364562
652610 761354
815235 544093
323364 664558
772136 160132
125002 224472
112056 750137
768577 95749
356132 608662
657172 39141
13699 357662
537370 319854
772328 787662
999314 350378
859350 869500
403746 595556
619906 196075
392623 471429
150079 583131
374224 149930
387725 969375
485657 282891
812448 964057
154907 545466
1461 857194
177722 743917
74507 257002
630056 950124
945444 395287
297269 108277
465462 600601
50162 239
64265 960003
351729 189395
329734 971096
54704 511698
885331 263096
990526 966286
740666 495218
834132 370918
249078 149131
46125 825698
169201 91930
238824 50501
882149 125110
430539 493331
501818 218859
757490 154865
900004 995986
508984 965580
72900 74044
379174 557553
527809 98867
3371 180996
490497 893961
18691 548109
637920 547840
316210 912405
566117 968796
642164 300772
800324 94786
950725 770433
821521 349609
485488 940649
681109 200941
784967 341541
836508 641697
440766 615533
819768 881631
105209 304755
449866 632387
441542 737236
35274 547467
913432 165671
427175 397358
633746 822438
755773 936223
340447 206190
256607 127044
222201 17105
982654 84176
654209 190925
381895 438035
821874 119212
828714 57981
174196 134906
168788 399899
3755 888403
179469 590994
965456 150149
949279 551910
954022 64679
207746 933461
377678 300560
829897 930840
143798 924329
511674 134079
861741 870443
802467 66110
40204 886166
635569 742000
867410 21335
787021 779914
947715 293843
95762 872577
581161 979750
256863 50351
829788 475360
34658 28918
580183 899855
843921 359858
559664 590174
897821 611023
537555 480278
640030 845894
910958 962880
53791 499373
362356 955953
968467 523380
398194 904106
344000 950217
622635 326772
599494 172389
930826 419585
17304 702432
540752 672102
301729 863580
252496 846657
955312 256502
127531 122159
267119 703540
370519 228958
535689 168749
608410 325026
283686 999981
211461 468572
718665 79629
642622 532566
119011 371619
551411 613264
331355 176694
568175 701298
265945 692581
957481 895607
731337 233724
685255 344084
126504 236573
554280 434493
103251 169964
659275 278855
608411 107788
93117 911270
753653 872250
967060 782468
276969 256092
234999 728874
266099 139961
560158 195875
904959 484889
153538 403876
584984 527620
994158 948862
184106 389209
801249 13060
18477 294837
154271 468836
663780 228118
214049 767279
279787 217258
34532 236164
217196 16090
902116 784553
463850 961734
369708 897116
947492 762764
636428 446196
251287 591441
925876 179159
204000 55661
697244 987816
94594 738849
727375 567656
333784 442654
709207 228983
263835 690269
155709 870960
951868 504877
217392 523109
709050 444721
366344 568052
361446 286058
815128 142619
800841 817023
792458 350683
763414 919803
914467 175826
945023 931288
61736 398752
278413 548405
921592 30661
909216 796331
140675 200353
494476 454519
918845 445358
558392 174818
509182 286683
245562 155606
239868 797138
356908 177352
360399 364778
478280 305416
488968 800768
106826 72954
730174 6891
161938 961509
797144 501659
13521 468769
679498 81430
137060 952112
551408 896139
553765 909012
854590 52258
338612 185099
783011 111507
646038 352696
444875 974304
497781 632568
684303 886366
51724 772593
569057 102351
577637 703469
565477 517931
655238 124917
108208 565269
847938 475827
238965 895822
906401 392905
942988 296464
515403 420428
375257 445605
959724 772501
736803 62032
636657 403165
443338 885737
49163 88505
343189 743052
66690 816842
377646 760235
857017 128043
504347 611269
984184 531424
895027 112834
174026 396142
282795 852612
883419 275507
1211 794267
632216 991126
280060 793523
638302 981574
293117 709589
677784 525622
413685 52270
577818 42523
607480 830625
404439 902298
337196 422660
893910 397724
553504 467737
878062 460096
733881 417088
374650 360837
913815 333787
739983 953796
9665 942674
387968 143430
842770 988359
609708 238960
817365 978629
589372 368015
509092 670383
952460 156341
651728 445166
883386 997468
30895 330427
569044 552141
978958 4614
251107 414062
377365 55753
212012 617622
49170 675930
534266 413754
673808 443406
94019 831503
933713 75308
474315 559342
352936 755330
588144 141435
165316 273883
947167 520842
568332 244420
584853 741670
951664 114697
471201 818512
8332 681142
598749 914070
649275 948983
997968 979185
400392 392613
142101 361742
626358 387400
647283 242931
922794 243092
231601 81652
407751 362443
590249 146589
523591 196824
868542 281912
592578 292251
468156 35300
495223 576527
764542 787464
101572 53935
164559 578225
423675 454978
190387 100901
661042 940137
872587 302122
19724 764568
249704 351045
133945 994637
214381 303327
841834 839374
437439 617384
872614 372092
849848 351829
460069 502989
702545 426431
508519 690796
144991 74896
311082 446752
626183 187565
453082 513149
841649 891467
547451 959320
700306 6975
694539 822490
342367 642485
845319 465881
692412 525344
539704 988802
16605 233974
378083 658209
168853 171798
752923 884882
755907 742321
100725 119003
377204 640811
272020 589592
306733 411410
539528 10660
608619 956074
719370 292433
520655 857427
43597 110221
44332 752942
550129 113675
422139 587648
579310 952763
707993 473102
832609 695565
458775 507882
402992 852536
239875 63678
217661 485661
935094 754486
718200 33988
18037 957830
675267 426854
522516 582727
671790 843792
808126 960442
718901 503976
786051 454536
731707 574783
140251 965172
290453 383290
121771 235560
851750 922060
733758 141240
666468 13286
229764 519869
475853 675865
420156 37095
820500 257372
648601 652133
952768 898477
571537 219159
627451 56241
60550 960309
58050 580146
877355 344296
971246 277145
330513 193378
307184 709352
376203 175723
773126 655318
810793 456145
667314 192875
616975 117704
397621 870448
19297 712550
525497 344050
809894 526451
660297 109853
736309 772713
560585 702132
912959 320129
701446 96107
543719 843964
408301 279758
171298 115527
126331 867124
243426 573176
257454 873205
681919 335825
617139 53111
142299 177243
840659 515381
768424 771320
192771 768089
104472 837040
897968 330380
743665 805606
941625 635486
781790 224466
319127 304893
320410 956878
878691 200752
484799 832104
588736 308650
354958 498433
421108 519443
434975 108541
82900 213739
48249 280082
982494 161662
849108 207239
652851 868319
680128 743290
272276 744512
189740 119788
775765 189206
285832 871109
531579 600599
218274 597540
913326 310012
479172 798894
597288 401069
796758 250715
428897 619281
184073 581181
489247 255817
39427 816810
381110 465489
629660 352565
338301 432362
474154 829735
637860 742785
933342 462733
190974 141073
610153 75155
431174 865591
230054 619028
511502 467634
4590 119122
984586 934905
174937 900136
666728 423620
138524 459597
798098 537219
6939 334923
760501 340493
260326 394282
101761 289735
838625 963835
7451 645233
647109 447476
977728 800398
438058 627901
671661 513290
259040 688086
14909 10404
858055 656075
39209 602678
367312 495736
176979 18377
713279 765353
319952 204332
340711 726819
58881 236296
736801 789668
149529 252812
885534 903405
655823 895900
9348 984021
334731 688593
385670 12439
718584 542381
733369 443701
206844 722549
369851 659657
859361 257940
206294 688873
786469 849212
242365 656785
947605 69226
246731 495692
524913 739728
693472 654213
318128 185131
6360 593326
373913 968547
241440 158962
420904 234405
607235 958588
631037 350927
611269 678650
666113 961151
458352 601655
360036 406256
399135 145697
385440 961091
459968 748716
37460 815456
218351 277612
100852 957254
683600 549510
744913 919452
641369 344970
808048 766925
869066 954146
580370 355886
212452 725938
55990 191388
450867 355846
981877 18527
391441 860284
866725 687694
449945 343442
236485 994933
49430 786301
138832 158023
436060 282505
718992 397314
738818 592132
657463 224072
68462 828976
520108 940076
517350 727346
288562 329503
208054 221998
140372 699315
245816 428154
50598 529572
551575 179486
913340 652800
497260 518713
473352 475157
620223 786007
366293 735690
134753 384860
939577 839635
538413 702006
429532 107385
295309 917908
30355 464536
417328 134572
919760 96400
546760 729330
491021 254648
859036 241996
962484 455827
108469 694259
449217 108280
497135 628617
169639 403707
647603 144866
761683 538041
181445 367873
663863 880398
372894 141767
74580 678633
967598 518491
196051 856991
894275 602735
499116 345168
283577 555969
582455 52247
56114 691227
470487 780038
864113 34251
811866 139413
793896 869462
153164 926149
866184 646117
289251 351762
852342 992644
969669 788668
659618 948918
929700 43959
830968 368537
944977 325868
685533 869398
400041 219389
117601 542705
636497 349637
259314 609684
901465 593363
917462 721812
112960 637934
202897 696708
915251 916024
366055 113341
874139 691096
355297 801300
963794 661083
68383 114471
431720 72143
160079 235726
324428 541226
333981 96148
316317 448488
866283 780403
233938 620033
460325 311814
845682 955539
808907 222182
265663 611169
281509 658401
850236 506335
442020 453794
127223 730224
46359 637572
443805 786881
133219 130699
661095 37697
357850 31100
791198 757510
462655 323727
818727 897000
672241 119929
777990 886003
305867 889178
303059 406774
506806 379043
423253 857710
84613 959648
565811 301738
663001 86084
171343 869244
295335 599985
907998 306888
661918 620000
547154 175328
869794 348324
499751 551125
6343 406420
313483 868815
412028 708543
263196 507952
956551 194099
763124 453299
578615 51196
603303 22248
763451 361953
756056 815810
668922 571857
41105 221513
254281 534802
108668 776688
157142 750932
99396 319427
851143 308334
122458 497162
782147 268289
503080 513774
880113 729183
486108 723195
386596 894362
849806 101489
463970 339571
294996 682538
946057 341926
258836 827467
450566 5763
352028 733445
492543 793001
565016 779572
13177 356510
890927 491718
154394 321739
657410 371092
307491 676374
849799 313577
617326 852957
731846 812180
99315 22428
744992 166426
289261 504677
733402 223405
672998 200749
297187 347903
455571 164369
942703 226154
864576 368009
591823 104952
503928 606088
144266 305726
304532 384326
765187 852439
574774 905498
409694 868389
436304 542436
348214 62877
439415 85242
329553 456900
651095 766314
430501 660131
43287 463259
834789 703777
262822 259661
103297 415616
721712 901173
671732 85830
729495 842532
927388 229280
206308 548921
170466 348502
220214 897407
19258 440908
970710 368476
573423 762260
26579 126287
409297 744504
258479 569263
385011 168929
825556 459750
998933 227754
369664 111099
703142 211538
350137 672766
259495 97080
271366 231420
323688 62569
495465 955655
908691 227534
515055 221814
414885 263914
15148 770105
605278 477524
406475 744039
915789 502573
715167 626333
8646 703234
99712 234548
138912 74767
822078 437575
837420 195104
966557 743239
942960 983643
537298 995450
776225 511101
123820 359182
901997 753377
982020 108394
73671 928127
16685 873811
535812 807254
546553 468415
221665 327936
85611 735401
92743 518703
576240 156450
14886 168057
402300 816383
942571 426912
789156 471639
816471 416267
767513 125445
662762 493416
950289 58603
306793 575738
352570 683169
544163 902790
815055 765359
582104 104531
731707 548045
940252 667231
576911 20115
228577 469698
941273 725024
25728 222667
196198 208952
232000 124196
820784 695565
446481 841778
477473 838851
147359 560979
967279 711705
615541 681833
995717 105441
596254 171130
711857 975712
163693 983617
129432 392241
183897 372968
518044 409688
112685 851704
238084 356856
716577 314181
6294 710349
552674 591740
90767 430374
454004 501598
202342 686476
904404 206063
913096 900656
704302 155672
50097 621496
518998 680046
335347 715723
66276 882149
903916 774140
879703 152195
788384 99869
658121 772002
723569 97500
786821 329498
256419 180816
511501 487398
56344 36527
952025 949471
874320 972701
235301 632864
955790 10318
84775 457819
312018 721611
32769 556708
25243 54678
859791 812789
935369 563641
791942 547832
328040 57304
775589 393112
617903 512021
261270 825288
978399 972404
797968 455040
79878 125152
797312 992804
724666 309402
598615 922768
418083 446234
766161 785268
772892 912466
437052 263243
172911 664026
479307 831867
284595 313921
491081 962907
276693 341883
694314 937516
770215 438956
622954 762651
885563 397530
35283 521064
164622 553327
123025 351430
37088 427796
959411 427448
715075 8672
890307 567483
74105 699861
909061 430095
378521 576849
384815 531133
861721 526317
599504 19322
710833 416114
998810 73291
187504 621996
174719 581708
90489 886352
849983 24208
580061 294425
834690 10205
596613 687511
806148 993289
802026 216041
859359 761280
718236 278905
