1000
639337 528470
432335 310990
466827 906925
266722 954616
719908 620992
583454 445338
268753 622978
170834 359916
357214 417236
535582 630722
537188 329531
392025 75495
27605 19863
724659 658511
502741 597659
180527 51737
737824 732152
857737 490474
728374 327690
249758 832092
587427 413618
111058 344163
888846 828384
259791 416025
281831 513334
391616 346636
320551 863037
929247 523887
293417 833464
136998 257800
366486 586412
415294 181127
735156 571934
894071 214629
637284 23378
728030 956854
895849 107014
59438 120432
525343 480357
541796 52983
568082 435937
297896 799117
612542 57221
756734 345627
215224 826843
174811 343753
653998 4710
558143 793946
5542 913650
830828 228933
402543 153108
240900 573257
829362 826047
624292 391000
822532 481172
337306 568945
438540 299619
989632 245638
668750 725138
394702 71726
252835 394028
507819 50450
688839 492597
262429 475910
200559 532091
782245 905045
304781 328815
254359 788221
635875 452300
152715 179656
613006 383005
514350 98035
641731 716213
476054 853839
313626 177351
94349 591126
950386 749402
600380 780329
590290 494858
531845 558179
675916 309670
323351 655823
141251 706927
133503 424182
793481 224249
401351 543502
790568 858453
502165 837240
20880 288183
400795 341360
269112 557407
910352 470926
534598 224857
537031 902434
216982 63279
939620 616321
66704 848009
641345 314001
3809 755916
679130 271492
788241 447784
107370 144976
730166 745142
692199 317645
197044 189219
637167 774554
607940 686517
741494 259839
981442 183803
150596 11654
6493 696657
383593 148273
885042 723386
697707 417099
314456 740594
292742 411797
469296 108530
87709 480168
523906 816575
422280 124520
745324 950871
22929 107688
883385 667811
235754 274832
746025 511775
163077 127644
220742 980325
139543 720837
572538 16421
49849 583116
640001 551895
873324 298480
663096 875209
253710 122765
919515 85546
910718 607989
455177 492413
391677 968008
125533 874223
776522 352122
819878 226623
438900 511758
363597 619340
218572 763431
544953 895388
58548 945461
557738 253351
167481 250715
745251 937404
616880 462932
503764 535877
189434 300583
918906 683551
667032 247335
538525 629416
636068 556081
679029 636908
788809 829024
999033 333671
649762 196461
239669 702850
43938 42855
475190 434108
808881 860131
971693 73224
585883 849639
246642 859478
230303 636571
778990 486121
836712 382474
484586 151934
708379 123503
545127 636338
681356 243274
497719 181986
79172 89803
326718 886581
876869 400481
202976 840188
163622 759819
390104 436327
380598 534052
109490 959547
647476 161522
60927 964363
609769 83708
805770 324299
205470 304058
990592 348552
924292 169040
926403 819609
595070 350115
702158 582593
151285 494258
481620 432854
312120 446828
462528 293954
988668 83547
99824 871454
452446 353797
429466 224813
587956 920067
255449 624365
719114 605432
577160 813483
632278 624820
885283 248701
111209 169903
198066 553834
535569 912068
532171 552733
499891 168335
786053 946976
105523 36008
174303 191144
287544 958563
340457 56334
357249 73395
377383 315773
580639 57163
442081 282662
633016 395918
591168 67089
796942 620438
53343 742834
241036 950284
800085 818380
875412 78499
647917 648262
784898 608083
791904 851194
233068 334314
195805 48929
177266 745479
798948 503790
342811 687763
325459 363885
129296 387432
283041 84228
359266 476064
204696 135288
627615 634644
128518 886286
204050 714546
754559 55403
426567 792259
333066 718229
317251 646306
446093 899103
491040 997785
54727 541026
988433 70509
755364 986128
838773 163550
109172 84840
639901 266677
352672 193698
666527 992767
93472 243747
247409 577001
58322 519202
918406 283133
513384 77048
446103 625250
625841 256235
203760 481004
390949 185068
107028 943118
714966 535872
798 302553
590583 69902
934009 300803
764123 813457
592067 560493
360943 707804
321734 436193
140874 207664
917202 647282
739785 133038
76763 449560
455952 997560
254104 127581
618239 436316
903361 613993
644039 241458
674272 975436
136777 299006
503237 329579
112979 968171
16582 254336
680377 140751
979714 980252
25453 347178
755203 299097
324566 813142
186871 685762
882453 33739
322746 615694
259710 883695
481367 837078
745408 335041
272363 330970
386697 88432
13258 108856
216356 378369
460385 419634
260176 530770
202495 825234
793807 981792
866563 333454
9603 864183
212145 34390
498234 521147
319763 376575
306455 884864
296674 12463
231811 659247
910093 59684
250908 809403
511329 792805
287318 70773
116671 540641
763597 788872
972043 904869
627878 903853
536826 406946
972690 278847
668718 294278
555060 226880
17038 893712
591736 720829
878782 841707
552312 363600
946628 863674
195050 300119
662557 908535
438574 868861
974658 657537
70341 123194
429382 814800
354728 852098
995137 673437
134215 300029
183149 259909
193743 185045
224012 335637
429576 647333
62372 919498
282643 311890
901859 65320
475059 364358
913206 123518
98720 812592
912622 657611
764737 950591
975264 878249
257194 186991
228348 590905
998496 921696
214300 712630
665600 97198
617867 519711
936275 393723
333897 954451
441699 593471
968782 503836
364485 254087
283452 293637
298170 305508
113875 721806
426445 750862
293829 655656
313589 243271
148593 885855
19960 556028
397981 54799
489918 969948
445325 203722
295442 77468
633410 448017
443135 109220
448484 699845
390141 325362
351283 841462
577550 923671
100926 543276
252143 219823
852701 545305
757904 598353
829807 963320
634331 294768
722893 639435
847881 157426
561230 914909
882652 654617
515785 486829
272391 923136
168791 629317
747150 222229
988520 338503
113827 788956
507022 137799
84095 297529
700264 931990
635302 53746
566946 296152
612233 802908
19190 559112
817830 678334
724810 583577
611744 143474
828377 619594
913556 910460
297438 324690
261924 371953
417552 920455
550802 730700
479942 186581
21607 583154
169173 827943
16670 747245
545105 632908
365707 292519
805687 916959
298128 935091
935258 432314
869797 728858
552089 494838
234740 902502
854586 2408
695159 780693
849992 714829
257590 131607
553772 583371
355260 140569
363475 826487
74539 830365
71151 124734
558685 808028
921804 541597
767083 30263
691104 32446
250149 883897
147724 467823
91896 197767
892203 509336
333536 935052
373401 730126
450482 130005
583899 178204
613509 829956
340229 27639
48413 953576
201916 895348
537326 775413
608651 842366
746561 501219
456943 956075
626694 678453
758498 571130
709029 995222
905436 378404
985739 111999
545404 977707
188844 804020
154494 487179
125120 471092
364435 888244
825931 712076
139288 524664
65766 260122
1753 662693
802769 408575
160421 78779
837039 840450
535148 559098
122442 435380
921090 25262
874881 784772
64397 225898
170989 437901
22867 255279
982390 267076
776191 315235
185928 869450
234449 361947
59760 911111
80140 733598
459731 201745
237561 405299
126897 526723
374928 832853
357618 873475
625564 457754
469050 397291
600802 610241
122270 285293
204005 895245
564708 515748
569131 384884
872213 434260
984382 139423
675630 914605
858450 415890
685454 575260
453159 499993
579380 932009
182901 725886
346723 876701
915975 992464
514059 790512
911094 903049
692157 539353
766797 884294
411835 822575
369247 605656
497774 262060
223649 988289
965836 863533
788998 887309
626085 100505
12889 25684
93241 854889
961333 540686
938971 938478
773666 927558
654135 131625
721220 645145
87069 721824
97645 300149
983163 210519
338836 915299
190061 821670
867781 173479
92933 538749
774243 904647
573723 169662
664108 63457
228556 713474
187192 682401
949635 353078
849154 177085
992460 44316
216486 285152
484352 188241
467848 389065
486928 109765
538299 958648
80913 316628
330172 115197
555423 543947
190418 518288
276150 867021
961825 970626
187067 163035
790708 238942
7830 202962
10558 788380
265436 652930
284901 432245
938745 426304
995578 438206
696923 109139
702162 885274
269800 691963
717873 188084
556820 861338
366727 287400
821926 913675
368583 752199
43599 907754
500149 550124
440889 508720
811583 619421
21063 958929
890295 886648
581323 729600
542173 804947
62175 255141
188547 512759
615292 464652
26822 961760
171029 286891
755852 251867
146630 586208
643638 312814
380950 305523
704028 589390
563354 307721
576162 708830
750168 812338
120877 981749
239236 15834
216587 881912
675315 352520
589591 465501
174892 150479
317316 214295
91459 587954
338343 761595
621700 801461
664142 576324
870039 927258
505991 490844
362699 817269
969462 949903
143500 567340
770791 893676
18184 13108
4449 464530
898802 99343
452484 763069
33575 694863
60920 671615
772316 48085
126266 67647
751296 585866
999039 263736
519659 505068
168612 349332
155009 379590
29776 979778
160380 505505
972589 213600
847212 14838
407315 99750
395032 205526
480258 982675
314209 717453
950381 795645
256245 10052
882700 225561
676849 612207
801907 555911
482950 104613
938203 211184
348285 425103
188993 736557
734888 207234
631125 965611
22303 258894
932331 383151
756781 507868
348985 750742
444066 539262
415751 913483
184051 314628
728675 160151
452676 220660
810080 211502
369865 720817
193569 106358
739186 362626
561520 42979
507334 885146
437502 357669
373306 556352
271557 608915
576250 70784
970457 607049
190064 855761
622640 170181
259815 596172
853670 546823
522029 317337
991813 651710
849061 601206
149750 376069
173319 929138
176146 151274
939603 473131
403175 87418
645885 870
152046 393835
72222 525876
235679 241353
716999 816697
256021 236100
124087 788564
195353 872984
647230 279920
795448 775327
746092 69504
988780 487213
550098 461916
218944 423378
301358 623828
382274 875706
22564 310553
765953 346479
555539 378672
392517 143469
330352 677897
629704 172784
904451 860239
909389 355495
414909 336645
64255 356709
485751 184578
269536 617387
493799 263692
921209 674570
150267 215359
370353 243462
398304 30162
270292 949763
229344 254197
761952 899772
806143 380445
115289 757498
179592 94717
488277 982266
888464 739304
258797 664555
831642 110475
754713 343976
97788 158847
206981 130151
167294 603024
280476 101108
563373 931680
26840 989506
342291 425846
33320 175814
494560 247914
26224 445709
753913 23820
448293 269565
223303 292951
573303 59773
525155 117115
781599 90925
161310 41154
685145 193224
371109 719879
609581 385672
904475 187791
94863 322324
288158 55218
303860 475235
139042 242659
726138 270166
469650 293516
545305 913829
270967 205019
593381 343577
28007 560452
971719 592410
275624 432974
77445 43332
630478 870549
990032 760652
762359 328491
130090 476326
458707 535051
283538 727548
522356 883927
63016 99856
42710 916058
376125 949954
721566 256393
95324 904628
173858 729629
777882 75545
871928 662813
672009 51199
138031 224654
838314 11230
222677 216227
867999 30334
572125 548007
425774 385047
63990 454953
376097 644432
289043 99714
881522 625176
712282 366915
927394 625215
386329 697741
268061 424552
653161 404421
222349 820829
812270 201666
856438 41370
171640 866180
357274 527838
390129 88961
955153 620459
409631 981851
898118 464672
711412 168594
239238 80720
802129 14128
507450 45623
672741 206213
674215 30508
193357 460110
73406 367844
951400 280132
603639 161153
44681 191784
389433 840885
901968 579285
337063 43873
753640 625584
108424 539609
609654 567257
969308 911453
809605 786653
390002 494622
892692 329627
58226 259150
574432 8612
722802 773000
886388 283922
396272 664462
877421 370936
741507 15615
384891 318999
991549 681263
440988 817381
205194 845482
621484 27300
81281 808291
242725 974591
658232 380218
21561 925601
297412 616126
400001 365447
397343 97919
112650 138072
432858 593353
575090 131081
100821 601697
925897 463306
103437 940278
269176 85323
479167 801520
514116 631676
91691 8963
352978 53504
225509 958803
284219 344284
294453 597379
410348 736931
763623 680602
8410 366796
135334 108734
161676 521608
155359 701252
528366 916915
743601 555558
263568 979148
774821 639740
135717 206540
15987 940294
63811 52553
550774 822697
1623 5315
10991 407694
255478 445828
379802 961853
517795 662539
915859 479020
615449 839357
1254 206131
937495 641683
206917 912665
156626 430636
515832 742136
593947 564471
393479 416380
173214 571757
204094 525231
484857 921230
452025 802439
135874 848431
536963 357923
183166 398304
900532 900322
180554 195174
173397 868905
527533 902811
244007 88392
273919 91205
180896 636542
981411 957328
688730 971291
273393 769469
616606 66377
261799 524280
256331 762449
454629 986155
679589 369887
141246 397821
280961 605701
664944 277436
784283 528128
480598 608963
918813 410358
297235 210893
647194 271383
13166 403463
522579 164095
589611 382842
442694 977141
714628 406580
688590 837835
984247 299517
78732 55690
679046 110057
750069 178056
821319 591101
728859 552314
802522 512067
918892 354377
590754 61559
801808 524976
972152 172149
149401 593401
567451 188796
751758 998017
91038 397143
322248 299025
766813 140184
765814 841316
391079 223078
507747 296067
968378 541242
591355 379688
413005 747245
591135 406316
63616 345208
786538 829332
105278 215570
556561 967899
948622 2189
893703 179587
89762 885681
199899 608419
717143 566715
299718 711244
901664 623124
353062 155966
532258 615537
972330 423103
711145 16926
280576 653870
247084 211446
119601 237286
518849 544575
663144 129271
542636 467462
820579 506894
935713 670121
380390 377381
405457 445817
989594 177728
664937 877994
575691 930606
199574 877285
705748 856810
817344 329849
834096 719123
922315 194577
316954 367618
774554 321596
197761 902447
772558 37425
517825 999704
125648 366989
756258 515260
704036 897140
483121 296861
768995 314868
711980 475518
717698 749875
800438 831951
653739 405073
459003 783380
150109 922263
380250 39287
284520 952442
485895 729685
947027 218325
404274 704176
662237 506133
370170 659401
567146 925826
142471 610294
919810 788767
129619 471724
894945 262122
757621 184602
739488 370955
181357 180860
662096 306205
494880 877164
694534 535265
251904 490419
