1000
657278 415581
37525 65732
197328 907037
84081 171236
167952 472589
447381 465651
53930 496179
703634 958715
685543 500723
762900 525028
798139 505273
45293 229537
524302 281649
285584 656093
541518 442827
470725 365427
289744 589422
450476 173908
971153 189904
202001 582071
359854 494538
213848 204810
428553 144389
258037 992982
88213 477997
321531 398230
708876 446280
687399 350813
30239 382223
661768 596173
26004 684720
847739 676060
551773 598245
697070 15983
252553 55586
46050 704642
507167 656375
815691 160252
428446 575044
686366 682146
314239 90590
655163 982711
192921 165523
446816 382096
453626 683274
40815 362161
304823 87455
480857 526639
348842 239142
452820 209880
552491 340211
873432 997883
253543 424729
833884 683965
814203 886286
971572 47311
713340 856460
877638 184438
366695 350324
387533 23129
564963 47752
733166 430371
661300 59213
488929 657304
123320 97847
563344 390431
611405 102667
725455 38919
613651 725491
188866 532802
76963 838478
523916 724229
170535 894922
256421 536344
996388 209174
487795 805661
570893 838014
667146 422288
155777 217244
175188 982791
520892 639093
1541 646281
50926 3952
317813 488266
480019 779914
630045 148761
440065 66191
955955 338206
908191 392247
531975 949790
167872 237828
946998 200100
844758 182670
217057 858013
808046 688404
571894 741197
254183 898844
255005 792600
943280 273033
488923 476358
946103 91987
669943 801540
776086 888346
775726 338784
925712 329708
430374 31700
896662 378753
99517 112123
103221 538116
653302 61887
968141 487321
141846 640904
765421 860295
165762 362748
80909 498111
910325 79797
924089 938038
632845 650339
139779 693361
94391 462634
480001 782722
711173 721011
593604 800127
237674 87220
68860 122188
815316 842513
741083 681664
973431 339000
327228 965010
5862 706273
708619 66065
706998 505770
504437 786379
264936 362300
447694 635201
876252 819731
258511 538257
669777 750493
492219 861306
723072 845611
706460 35343
54215 323739
805436 950531
241184 65850
965148 739330
444582 260561
187053 770863
630542 870797
852563 345387
374859 715599
356704 664496
616029 237161
489218 416119
970897 963759
113648 853396
522672 756215
773429 441752
975711 290004
762109 805354
442200 365807
554108 576301
891989 427462
536361 286291
143045 465366
556396 397545
980007 635884
765646 421697
736369 860753
488993 103385
12093 529285
846807 907630
600567 413228
562783 501855
510003 110240
926367 824774
643244 198045
856644 173659
868885 792881
695870 117178
404530 557605
175769 628623
285783 254325
220188 961297
124964 8385
471621 445345
709238 979951
207686 838669
340436 507064
609962 916011
295180 249987
85545 674566
193416 508813
484902 973621
609990 527390
759293 591773
772339 425939
368815 824175
526546 93018
520748 458446
295435 944141
466456 934139
11305 694266
423615 290082
465145 31374
924154 154984
221386 134388
677337 684465
56819 128602
501322 548526
476075 400295
614446 189793
4205 1810
816370 530811
646623 262915
447497 600374
898870 159390
110191 399883
188972 71386
953580 689847
306194 844743
90463 64444
28695 540079
542498 194469
450676 752576
233029 624263
16050 80069
244394 615812
540871 116439
821298 186463
212961 556214
311318 284705
189313 243751
175375 472125
395067 72366
437322 906699
489522 133075
758043 15481
917939 313963
742493 313987
344253 343321
528993 101914
431420 970699
43047 886078
537826 103882
711863 532210
807159 9281
60542 660387
154369 988736
85451 22725
158765 238843
31358 49795
796340 764765
20284 943624
814824 755930
372211 477910
363530 435462
63981 678527
2564 633745
759165 245604
622179 79953
591249 837729
709238 60340
205592 90688
480243 498431
738196 244933
394844 583080
673268 350230
242556 264083
464602 459146
398350 80393
944564 73256
834827 729241
395014 105214
554880 655789
105139 654334
576606 373502
727329 629174
946462 337133
589912 469530
528410 889132
725936 367809
447432 367873
801004 936483
749936 787301
296268 864495
140472 484723
496634 339949
385032 170794
110253 789462
44380 911879
168393 219849
8052 667282
387717 306758
246116 210287
510843 774955
88353 87515
628192 995891
53231 626251
24458 579174
227169 766679
703543 262011
214155 407699
253092 119893
625591 550506
387314 727027
4532 139249
761737 279258
758506 788360
544518 628103
436803 743091
858687 55710
719366 365934
682326 900078
31959 306270
397171 387979
104173 775386
449590 93382
714888 712921
761025 788317
884927 557222
94199 674801
688378 744906
701496 25585
103045 501575
500207 733491
622857 718714
619372 793831
44034 607998
111871 642
322737 987187
440151 362160
193584 136563
996096 913523
493270 688223
342347 485727
132818 50557
686923 464576
480670 616994
303352 327540
915418 127786
700844 920041
179644 491261
176283 40540
464105 628946
310847 712485
169263 34807
767452 971917
3511 735135
967846 356515
739080 559593
441643 889203
35794 536752
927309 627816
933651 902208
690042 369913
784637 526176
862746 648142
104296 247467
607977 630464
579131 295987
275547 105388
401325 41670
327512 424819
671886 533889
973318 938526
205286 695417
67066 340799
170462 778182
876792 380184
920113 984581
778949 830437
365304 584118
808638 14510
982068 883048
49271 693545
846369 947627
495012 392057
621096 977059
16670 94943
337605 604613
976335 351687
756741 520086
137658 70608
554988 278708
978257 261204
648703 813508
359839 736190
672071 576823
279003 304038
37285 848135
241285 167152
930352 559427
910375 443426
121975 953087
924776 643774
748977 472652
814069 494462
186901 312020
829929 553499
789813 303799
717095 130495
284564 714876
997602 225717
138928 344437
950947 293557
719747 285990
118386 97920
403084 556273
170474 407036
223372 679649
488636 582905
61725 62411
770974 323533
581434 31561
749685 814710
224550 838594
29949 979277
260904 679942
977033 123130
256267 412834
444825 798687
481566 80937
989470 648066
733940 81802
145540 552004
584887 348210
324393 715593
155230 76223
529830 412861
694050 202961
585439 241199
755095 762720
253704 125022
643595 523979
389997 145786
830159 657020
661590 832381
869700 47379
63212 400441
486689 993952
304748 392075
280699 534537
415195 445128
965896 529401
66129 451942
319809 85682
140512 914902
257820 270656
352267 849343
446060 405532
781956 623527
575918 408438
446772 119094
758548 586660
773348 634257
280169 628492
214503 695676
870383 438473
282871 28360
657578 745107
117310 632479
383246 68462
886735 922713
578964 995030
221277 44877
288310 513776
651768 651619
853904 815375
521786 284478
690664 537922
445109 402730
600393 408423
598840 975500
194908 675904
301041 199119
333245 363321
747641 270232
643246 2910
872790 963773
357013 967852
34242 211675
219781 227240
901571 612652
319672 179881
379055 187321
587811 707631
385469 78333
270410 31388
396806 363158
442183 852486
893066 181310
999609 402634
259309 709217
663177 37230
412844 103674
950985 249055
52435 267010
485002 286351
344902 447560
379509 126366
211576 343924
617243 221127
586960 510921
419680 771776
307094 620730
115171 95254
49640 869241
44564 32514
543259 687336
677003 553969
218195 16960
97602 860244
99303 770495
658391 628152
798419 438201
52337 191226
973625 904558
306103 122060
673091 650588
645423 250141
99185 405395
372206 503239
517077 223339
259068 138081
584757 852514
798845 263819
22725 569512
610674 925685
658490 253097
886723 257037
316016 69707
951979 721683
89786 291776
858135 524327
357039 991331
953605 866500
538445 560518
446888 669525
989106 816448
426658 368105
743056 992626
657542 940285
89055 907615
522505 108436
369877 745404
631972 597201
805570 260585
879087 901082
208357 12841
268015 71476
434893 766893
985753 343407
531324 31458
253164 252007
958050 679793
498071 282916
324455 713763
406024 12571
764569 816697
668899 419137
75418 583982
19658 554322
593824 574915
110943 22878
603379 600937
694147 915161
850407 688779
86554 10339
559911 815462
174081 341468
306939 345297
223107 536171
388153 116071
595793 699063
229465 96659
44046 839139
862937 398034
581871 739800
850752 31331
910093 736320
222316 381239
646665 923104
946710 397207
797617 814694
1582 575266
513698 428168
935544 592172
580641 689789
697699 210304
981575 54359
834620 227335
617049 431064
736179 378694
621132 422982
229271 181180
974326 291535
59837 733550
500200 991589
435741 47149
811941 874912
750181 516535
957284 267261
285724 361220
593206 557927
376815 602634
295721 476693
853994 745512
473413 41940
452330 465547
870090 859078
203861 992894
305458 886763
520354 165144
139158 90145
557942 852800
862382 845547
549538 753024
96253 524083
28511 179999
848685 81969
88192 612209
318609 126847
832473 782375
294614 711283
64248 826600
329762 218759
361627 863500
968340 460997
954432 997193
994176 866883
671053 824067
905483 568015
547674 12146
740265 294555
835153 614695
494257 173196
74678 939912
522197 816340
663171 148643
26995 130224
177296 38825
303446 825349
66028 229838
407148 91583
519046 626448
945809 240569
444175 28382
424598 867645
536794 623716
649854 344562
11367 198755
906679 679228
355018 348612
646584 23442
818734 923662
534109 108792
933594 724536
310414 955505
8904 410778
776485 317329
30561 102387
24659 749162
10674 777664
412872 379933
171665 323073
428298 497923
941954 182158
826420 5520
108694 760601
228208 845499
742812 186983
267865 594346
899466 630392
207710 12951
888991 678495
64904 877471
227124 172428
878738 128633
497390 828736
486771 965144
493634 799022
254738 19263
798663 533506
69704 154268
258842 299313
689311 781521
922723 727852
201329 275148
79394 552209
999066 537756
911031 931577
178859 927854
752819 587551
422570 330569
147531 390370
205866 190035
305118 837654
591680 269771
716676 961191
445694 626259
781139 452108
865883 363469
98039 637826
956090 904751
860709 15774
83978 252132
479986 421887
835019 261837
803085 526454
293192 142228
616692 446276
660479 895907
56005 573187
473828 874400
6149 915151
756625 594276
296205 558804
947897 126600
712659 344027
430593 466236
281443 159473
476159 189410
578173 652929
640481 655845
750913 160010
493011 423816
973066 52466
87533 138497
213137 329914
268581 281288
13480 531761
859119 934078
58685 806825
855482 678024
318481 921996
410889 856468
815815 951734
4603 62802
45444 226581
913227 835765
215445 270633
976712 723189
572677 515794
699395 650340
532934 55454
347479 373058
515102 764097
699014 147563
978561 249019
643427 304709
469057 658794
781394 81753
933880 228470
576288 40735
919318 728815
780892 316775
411578 674015
410303 94668
340922 607460
798967 683516
657186 375106
749623 649138
767344 793447
567406 184694
248698 759837
924803 309996
926590 962066
866077 360546
703724 443254
44942 979039
374987 137130
646429 754371
804965 374775
548081 56763
86775 212278
293935 365844
478357 62626
331791 401210
378090 977636
571687 373996
453234 843433
548343 433571
285337 583934
286455 25473
730805 880564
118358 812044
702710 697561
181808 173995
337294 761566
193256 518437
506536 556639
927278 91266
31390 658344
480962 468393
849338 738311
810565 267597
158360 634142
920244 929425
105220 881840
551475 241025
842888 347308
894781 587392
894609 430455
995847 72881
102196 309527
705429 588536
711655 826507
84861 475217
861735 776955
626242 180239
875893 909808
403750 37854
995404 69138
348659 364777
439269 888258
696349 532996
652738 79676
552310 195282
277442 280928
502233 198390
936772 798302
746194 486081
477536 923974
194973 753194
691097 8141
401084 618223
127262 58233
668401 110281
661264 2940
718325 252797
893548 175838
291741 72301
81155 208746
353152 510623
918325 766575
770988 931525
122772 813724
956218 426025
73952 249663
435213 871930
442616 876117
424082 788328
244277 639578
498938 450334
560308 620444
892522 409872
341235 911168
609142 959271
599340 101968
234922 11168
858713 706586
57296 718810
632138 770251
701895 678180
759979 816998
172369 621083
783148 970756
798085 68874
631426 647394
735238 154935
928572 935625
3746 126519
444166 838722
99455 799592
820476 589891
317035 676400
188285 923835
232400 638333
432065 334473
325195 595005
297624 835191
717731 632710
324742 571528
587627 496101
862929 135606
120347 841522
270926 279724
545762 400955
712805 599676
207967 877450
768847 339249
561336 909983
746794 801136
804660 867767
450063 429764
265706 641418
168304 151451
532956 723562
981195 718757
181684 37062
406865 566499
281095 380376
634898 465090
854731 652296
538609 912959
236999 437988
232939 212535
699776 402029
41401 784070
991814 343592
73144 771526
857606 466386
624044 415152
404726 717302
458619 94595
448950 816903
645759 298317
976288 68217
875489 842494
757504 495749
593497 739232
239299 603300
901695 468407
600938 836429
548242 683655
501991 237895
872243 317938
83547 569401
344275 149813
510773 211865
887827 843844
352991 440742
204514 82808
915207 964023
718610 684613
707138 621544
417423 745933
549187 292419
939451 690663
104869 613935
290757 429173
35875 687386
762922 739316
708342 353911
604905 659678
299666 941716
999795 302816
371947 48841
278923 858643
246841 245013
786419 410836
566198 483615
818631 43551
653593 571198
717163 389435
387129 665428
700113 398596
904590 951869
29919 96562
183590 103685
678986 721410
682776 80786
497685 702346
773168 910190
182725 616657
425464 383912
125986 933232
505833 861163
441517 730520
801482 469271
249356 125149
501285 775047
170756 318685
290931 783638
7998 676375
242216 165494
611206 511346
133924 441794
866858 158548
295773 801771
924428 571536
686742 450000
105550 913145
903515 793231
627647 831146
904037 465431
854226 947770
15281 443661
344793 415190
190722 128299
669510 149404
75012 307804
128035 485106
85922 102783
217242 855350
677368 934609
417886 316571
896722 425654
477859 359784
21574 623985
957681 308805
467463 786748
480802 628814
86861 895711
666913 174778
752851 35621
37498 959660
771594 173717
440617 38620
233263 337292
