1000
408358 874415
751803 304893
462539 957591
61134 635511
928466 652321
593224 498755
844128 664910
462988 65181
522017 948493
292267 615763
514332 251181
551642 322489
257198 817416
609682 791005
181265 827586
218241 975808
165811 674549
531496 794450
96146 6525
464520 166048
230328 218923
133349 43835
64228 532702
375397 431900
94200 185208
354094 735879
275290 343103
413880 359888
814057 926037
817896 826044
309933 971658
367718 865071
813261 216610
855940 542111
176875 184491
147162 240162
111571 832623
367202 311657
223223 321463
447728 919222
424175 9284
713517 646888
577199 345712
156482 609524
110430 924165
883090 595130
827718 455704
182364 738143
329771 173272
605876 48652
521040 917608
254927 773777
937810 711087
202622 752765
962433 288647
578550 691047
655725 249540
693042 782240
775465 896866
743489 699243
584011 627181
564020 807050
645950 576032
412976 201548
760248 4178
480415 416631
208057 583876
659669 695715
796795 272102
176063 660145
980790 834576
810057 665600
149091 509929
677956 900722
665620 701800
234693 960338
534091 438680
533023 498301
74055 493992
912751 633691
155352 530562
418625 217744
869544 331110
372665 622345
971820 408434
294798 684685
711367 820594
547515 208773
386141 485398
398466 584169
818190 39162
406361 607081
500717 539882
948536 144234
685292 535676
93993 662477
478384 732174
930787 935139
284717 964830
39051 76699
763115 994149
945094 949129
921232 359809
653564 786220
748635 11153
474055 406508
128841 135499
126286 8004
966621 313539
415653 116907
583899 917631
107361 952491
870721 654070
369765 203352
935205 338808
997121 906487
799587 229826
302672 796348
698181 865236
278011 84011
833937 346418
43421 34416
885158 657981
813379 776500
170339 296043
93426 110260
863850 570651
851838 113179
292796 256646
5734 259192
394660 286100
649515 544744
600510 663070
189171 157561
75822 394810
484208 823919
82999 242864
875779 543373
758287 405369
326261 314900
684126 388865
591459 762350
709405 768314
146508 638372
15446 179083
684662 459882
415696 18576
218907 370079
690628 103261
691516 541290
477801 146772
141318 263879
116029 840465
717256 645351
664762 843459
948315 665176
730628 864334
885598 959153
256446 391913
687167 22649
545454 256113
60026 291333
42799 588350
944982 459838
57545 940870
324664 416185
172956 902463
64038 601152
43289 786753
979747 599259
889863 993617
197791 767966
813166 162202
98442 58441
206935 279098
104049 105016
86026 510720
584213 527971
752066 503393
743750 757145
787339 974126
684406 895365
118482 421754
947661 808829
225399 941046
850875 632137
100746 293030
89199 4002
648362 915652
783647 211832
669499 497114
233585 683516
576585 734138
890177 615736
158468 144136
194783 918271
689905 982775
942721 330292
444137 33588
53707 806062
254808 563242
62169 663277
351746 36858
955979 479614
989291 272372
779012 729079
159795 408968
414123 910471
320688 117677
98760 282616
729860 598667
450550 389391
709004 184175
157249 189915
913989 837410
682387 382961
396003 264395
367632 955207
549468 438148
43075 696226
866063 503476
536979 928979
769107 369117
97571 926618
148862 543367
68642 289194
637637 980312
100354 239974
778913 121629
105654 671076
956046 543348
381394 170130
396325 450964
651490 827288
908965 620301
79745 849112
538730 543684
102401 127848
18297 64428
828606 773590
38120 735465
3466 128039
947264 345655
975057 649951
573917 135046
476456 524203
360109 855283
951490 233978
96872 521765
197152 989606
864309 466605
68829 107684
633010 800778
688580 436097
617017 844481
10110 595305
647716 556791
911190 836656
484835 401531
295575 314271
973857 138253
72033 312527
943506 736760
308391 510195
605906 743266
668603 352450
406415 613579
485581 635523
772262 848067
670160 39122
882481 658084
783925 127424
530488 715170
2061 928900
623427 810467
870134 14587
673581 619221
972307 609458
949249 809024
716679 712473
846082 230648
349043 176193
857173 7367
926382 156756
530018 256617
221405 209253
23030 762666
371778 300701
667950 973591
471388 352440
917590 92361
233276 121020
109676 547445
940355 62656
833342 8866
454577 466547
9372 905575
756777 745938
66823 370693
65577 920834
42866 364006
512536 31141
348675 200546
889610 601637
274871 412174
483521 887314
320831 233079
831548 365157
233372 668993
727633 960381
92790 895869
329210 482298
234212 923701
793117 91038
389725 7339
25430 4437
348560 438178
105636 606887
888719 515707
549095 965358
698627 833260
287781 284096
666571 867905
622750 898257
357566 258585
424637 141508
240282 199495
434270 614208
184621 435695
641513 318961
814086 422522
841460 710428
527189 102942
654976 327445
24560 538637
233880 284380
710065 722171
888964 581000
620830 909801
627425 763113
6493 981440
995722 741983
964850 654186
728608 812337
104701 629904
728908 503737
117482 1358
127215 248735
530791 504144
828360 89214
85178 908087
357551 790984
814300 459382
943071 846466
641808 78819
62219 721647
148337 423598
946603 239155
97574 583461
297664 912896
248502 642891
678785 92314
249100 936524
10902 828331
260212 629511
354773 756863
478331 241765
669947 291524
586075 183420
553280 768464
271825 387876
710598 847950
764425 617001
711543 389801
313600 859902
994244 135970
374183 46343
466226 696390
703436 504425
834730 955353
580177 772234
231866 204241
755303 835233
699350 323997
372419 940393
779094 299535
688929 90996
87624 101803
738273 787756
719650 271649
269628 537197
436314 612981
444562 699516
425857 182489
426971 265445
129174 324694
773373 868977
93855 830572
284838 958503
681609 887428
841612 648577
747796 741849
164549 333439
509946 142958
799380 628532
345675 972932
449510 580979
440518 146554
620644 115780
215666 17446
63007 26963
10192 745621
746617 584913
183638 77486
216093 892601
297688 891034
686960 864680
279930 933663
403715 659543
388787 407447
516121 413333
805181 591816
141650 113733
249268 636580
527374 549639
621439 753913
459047 528227
493134 845515
53267 260110
783165 285608
437354 584653
815084 296873
494952 758299
642768 160933
457402 933636
272692 716890
151767 354732
293398 989330
1639 302676
47540 197358
600811 390550
513631 30531
303962 732301
432155 568177
82201 711189
9590 386998
486254 843208
425779 252505
212174 749018
204180 707989
478688 739283
253522 946397
41124 260308
247431 811181
357362 112360
837005 724102
18271 45845
602075 849989
628263 283945
873375 297012
937941 837056
278098 20892
660879 379918
25097 252308
921487 9494
594463 319601
854111 840947
165534 986092
222599 580857
713881 689291
679690 49461
877091 693309
820940 260204
24620 818504
58054 228637
905481 776340
101625 58566
490384 204465
651737 920248
871633 414384
240345 878728
362196 26414
311436 507038
287241 643319
181990 335811
20507 201381
533518 420141
628213 183403
527283 654446
416935 983607
49166 86877
184212 286846
885015 580443
119797 439601
513581 353253
819866 772015
650992 814850
930508 420599
526753 220290
197523 182339
499588 879355
171850 666553
322740 621426
822328 992314
615621 782592
963379 336777
785824 303462
119027 373090
83666 477643
622707 887078
943072 186291
369279 933348
117676 499235
493945 317158
752186 352151
912988 357599
352781 390851
513429 358901
879726 606577
25221 988067
931835 58003
233834 463514
904289 882169
295794 226245
448419 71026
791231 670757
261777 665024
415870 669836
709228 571132
528902 199494
419036 294263
8857 577485
211540 44596
711687 203531
600290 350571
439092 225481
66765 347199
214373 586952
136106 434674
949981 619589
651930 331983
136780 471782
613247 705732
679895 851583
159524 241047
400614 608142
564427 860697
454650 203534
571784 196355
282236 77992
112764 996244
306681 510434
684416 221239
321862 463641
312401 170307
541193 416346
306375 145538
585699 975326
586513 902772
373209 914079
844489 630763
931465 493524
559171 415412
895370 908670
834315 339275
738783 846540
675329 119612
885135 91302
549365 328711
448651 63168
741562 152869
181757 794310
39742 511539
916854 47127
121329 658306
478442 834781
221761 256558
223483 960778
335882 935902
349176 256401
206737 384138
455410 253076
262244 301166
969023 97698
189081 544798
643819 164367
721052 944165
324972 922893
817917 122912
699499 26875
466334 296100
743045 271692
862993 910710
555702 249796
124547 814598
17966 56810
872703 320867
915371 931479
954944 606847
790556 81843
930859 738052
668460 905373
468215 73605
859540 704401
979515 494123
808455 819247
525559 532811
709405 495671
52799 513717
406593 711577
212248 614780
674933 290962
954282 815206
13460 165781
703013 602479
615998 974885
668987 1781
896757 867672
778672 799610
82019 320569
757043 572011
597588 97853
597856 241628
195936 138020
639313 634491
282086 66195
674586 101293
611295 395300
277201 558009
916597 180811
900833 275233
85980 89190
713532 406918
63363 229867
65928 187824
726708 656614
52189 681418
117235 428728
854880 812715
62529 274467
758241 69534
970963 254089
412983 734827
580709 147866
81946 991740
503025 849171
970046 426767
57826 92198
771438 668655
314782 993376
27754 745416
205241 959172
962943 509722
934819 145237
676117 442271
318225 157931
386817 193159
97874 720873
849747 501820
131488 2825
849469 94310
844774 241950
472452 508311
140578 924649
736044 309109
754853 917296
305717 738031
296086 511840
477279 195714
887551 237445
733370 894001
370040 808353
426848 394312
539302 210244
550326 443060
511229 785280
105363 86455
513965 132225
229407 595414
339448 524302
316019 904581
5704 708961
451986 223590
993835 58107
711476 446329
139994 100334
295714 612738
213501 306200
925436 178182
161703 254222
595578 981326
769292 727220
816366 85126
582593 179743
441466 229579
832667 463000
79889 316539
89063 760037
295909 221080
494384 605360
223444 163108
799676 994256
589182 942547
687272 997176
907623 547042
94809 687403
199394 411120
949635 566543
519791 19666
547424 812819
414789 263992
993287 627510
873223 672832
559841 839491
968714 598205
824474 251917
934965 683530
85019 423719
547262 352530
740404 673678
965444 388354
943938 82321
670532 446487
674802 695680
54454 1855
694207 454486
403387 128830
874835 977759
902651 810586
584642 235126
596399 355657
383935 227609
794755 958293
143081 404889
932700 668883
779273 369503
584256 192162
528922 860880
240854 791098
846025 39053
319724 965455
833548 561365
19731 760981
390132 34140
894895 223852
183664 739992
684018 761707
406566 138898
816310 680377
924386 556567
582934 817399
758607 294951
181886 881228
383902 593861
539713 574608
285657 201138
120131 735940
168154 726872
878357 603367
383421 892919
192014 709413
812626 797133
462594 381098
669246 618461
168581 179622
768338 252649
624991 26145
603704 455099
537019 838335
717752 37394
552216 274697
934814 841102
463690 378721
17105 131708
968899 497051
136694 499915
396414 145872
479819 963184
578459 417427
267417 50050
67439 714982
616837 916829
380810 444388
716253 506011
585809 674180
911439 945944
348480 290769
508711 884802
659481 167378
6182 257883
771070 820493
866241 703254
754728 47525
234189 889334
108778 660801
231244 345121
721637 1029
68827 101060
751012 352182
29691 291043
938825 719495
386938 948732
989938 750822
247786 67132
165416 923361
266899 808997
118739 739618
218628 13957
958776 772982
183652 429345
347762 12545
780454 784518
582196 267074
885335 363836
125387 111434
105411 652333
884103 740554
268585 212649
516578 488538
321187 314158
711674 843033
548425 284529
592154 676971
100456 984510
10155 698729
223065 219527
32009 322718
140543 535398
274232 308849
357191 735301
193555 612452
835180 632843
749338 540403
375598 17231
675462 232707
323831 189888
807940 487196
388103 56138
165570 94900
205646 945365
620559 853638
663357 207292
135848 556938
760454 319655
457310 364177
581664 534605
79270 910066
532387 727921
541823 787073
670229 530532
975582 621676
494461 238470
351634 268869
123467 800184
514219 808543
80060 230219
745598 878359
907058 87235
428372 493481
872598 709328
849597 410933
160763 910361
388909 827158
670795 385339
613285 399642
466493 159605
406395 258822
802654 709016
885820 924182
647055 645573
43286 776921
44963 99016
825571 44068
114549 584159
351093 37491
566732 141447
67900 61421
174386 319339
793960 728818
631089 920898
66258 278465
614627 417775
841383 143458
154049 584633
806015 782304
954175 885795
798476 430525
588051 639894
983550 46593
261403 507602
741767 731971
544550 445063
550501 301843
51563 348985
584590 446548
302908 889780
286270 801247
80797 500893
845427 228530
581659 422427
589300 552577
757265 400183
933316 436975
888066 874905
597171 197726
638897 176558
331456 372973
306108 131010
714467 841361
441002 357823
415171 286339
192789 859842
17028 472684
737568 809201
666860 753559
289670 357411
870127 452699
615177 114515
435052 40460
725572 627250
236933 623900
923993 252513
945961 250140
283203 225919
260748 732807
398423 699936
94350 749028
983616 885690
441923 320082
338344 371844
273326 525031
21928 294870
379652 667697
597021 227832
168377 801259
580053 337818
550435 915690
108212 830512
118838 789858
783838 338365
657226 485577
90789 450344
919223 721070
904022 476780
626572 627304
590984 226470
517996 165440
225314 95410
954166 895849
96691 867828
177077 408000
71734 231756
534544 582481
576436 244970
270095 728601
834780 514569
649745 127776
358870 89138
960679 645143
294588 844937
712005 680342
616485 418467
170695 724801
756051 197226
591711 742526
397948 980920
656291 608609
601696 89363
487069 856152
745433 269937
265735 231470
592968 949685
452709 394124
961598 743959
363629 946308
187836 831332
654316 626729
144441 941426
139721 966535
254572 65523
998018 306299
1129 419839
243763 847684
65908 82770
351275 67420
358774 513705
223348 774708
714967 199031
670742 276155
419637 211077
638219 471621
420244 550189
978067 968262
158163 187773
938724 716462
775113 55155
353075 120339
711126 945886
132769 780772
502035 345123
