1000
46713 700732
107602 648044
531331 564941
722813 36667
655504 589316
617048 461901
595023 122188
979570 318298
407540 783289
674007 392411
489095 794487
747369 29031
667264 238352
11075 347589
305947 39890
788079 533004
896123 142246
691967 109242
921810 187383
29850 623779
229922 540087
88077 644594
113646 681553
214613 622863
84658 796571
500759 317629
21213 858882
927440 408360
827738 655537
452005 960236
403021 311254
460817 969104
413504 232016
106069 828636
210058 739238
162432 748917
321182 964842
404397 986845
926053 84560
251893 157186
365958 335521
63725 446588
264148 67242
177748 168909
507323 616616
387060 431382
931748 454617
843746 762298
240321 179003
435317 119281
299342 105300
209831 45333
874207 182134
733171 930174
191396 694687
291302 939212
416775 815689
657556 293200
695328 824887
612254 460760
836411 741122
708058 275069
735179 451616
981453 213367
881287 855226
778571 100449
316781 608551
92832 812657
554132 301316
662339 502251
628776 951731
344320 146929
429559 69855
941385 372189
322228 420668
802505 546858
908774 842820
342953 465899
624028 368013
223749 313207
27990 632926
721736 752058
568205 618048
588560 447413
725127 646141
663326 352958
612563 111855
512356 500394
501116 367434
353110 243537
676905 461307
152728 931743
32480 638328
377889 236714
544809 372501
96502 629170
671112 435094
761183 940284
460370 953387
120392 262900
744557 236154
885804 44999
383215 731651
524523 55672
88412 773649
225987 622868
895395 416814
461223 327663
71461 439903
522960 176902
346400 585905
259588 64412
572660 862538
687378 144841
113574 512793
222853 840817
431403 161857
900686 260967
636457 414553
545972 252693
359656 40481
474189 615739
298372 315799
709450 840033
950016 330225
147012 962306
544050 545369
852715 723481
803457 636144
276707 555338
19293 738452
328761 938588
251817 10078
721943 280673
67288 373638
74156 179212
550826 365382
790583 378380
778374 82168
352910 84725
237677 423794
374466 400866
139588 867434
823094 321495
495448 649734
247400 191188
516785 351769
973185 326321
676769 26435
426368 883483
811050 264963
90852 17434
290038 862760
7269 537838
820284 522172
50381 481462
36509 715377
593865 101336
265419 371421
403979 467244
426846 702117
104451 918628
76369 994053
724723 144021
826527 174014
57831 372033
853491 475780
992465 561117
44644 856125
158044 585881
653696 648452
233206 796141
821660 802327
686508 38302
852913 638102
682925 548281
886776 598880
371661 812205
111884 952545
79960 622840
777858 255200
562228 855755
477062 365939
468481 449438
115554 583826
919899 597414
454274 5092
703561 882071
102586 935114
387702 13659
324339 716214
865541 864282
888193 750999
877017 656931
415000 866241
688379 720711
797987 786714
407874 240526
64652 867604
505460 59869
177765 581970
753363 110720
102644 895529
860145 505287
562369 496380
55179 22225
994305 953006
396291 512391
60829 248306
820633 818615
440974 930467
366118 290993
626198 598375
114701 211004
643256 737629
980222 954895
264735 602977
316850 802562
18385 9060
359298 849615
598247 385794
867118 324190
312182 546763
197427 897402
906393 624703
292005 236752
492491 737629
87800 10705
824715 477112
366307 699563
615629 109439
428130 513023
769095 592835
128617 376244
800437 403725
268109 127338
260085 555713
246641 839726
768207 117535
713471 58337
148807 382198
652170 495748
581416 529560
275842 945462
4439 438975
923352 551575
67751 169497
547174 693003
714153 631959
337174 67969
875308 267629
950255 324798
982185 351847
423222 461680
317116 85859
939326 270440
448342 279926
312168 902322
775476 497427
279389 303065
888484 466155
858304 674148
794719 467256
861926 248961
226567 356456
853227 712442
94172 519061
332980 671497
69253 169910
900776 494098
523849 273514
896597 771593
565049 654855
85984 767595
212202 120075
780070 680328
795903 177269
583989 5791
899733 580352
700382 679827
713399 675737
838173 89925
752631 657923
754748 273350
203107 270826
597854 497008
899624 846248
819782 780059
874807 38453
415087 877247
535922 578793
822523 613682
381747 519505
129780 76512
517713 433885
215859 952891
38428 859672
933243 457284
372866 572623
606359 998363
10116 718021
831814 771854
748667 20275
455563 845397
349582 199934
733701 425182
837980 278396
541595 173144
204084 461514
207572 232407
955490 599864
195356 509926
518475 800502
373808 376967
113609 87257
980071 810987
266447 735659
1367 217682
514564 421070
509208 833833
563562 20368
757055 72483
710345 413008
430187 370012
537214 347896
577640 696259
16452 637457
652468 329104
643359 248281
423057 526539
480973 698288
927683 559862
243264 378668
814490 10995
909883 904267
135031 864516
723099 27421
367674 640490
271728 567125
473906 526002
175975 36926
854185 728049
510529 787163
341639 480590
453838 733230
633004 823404
118914 624293
241950 266537
162197 637867
191680 959486
559020 794785
343835 718628
664293 934254
205365 503380
922067 494242
311359 999071
970600 426077
335568 324723
684400 49600
97481 311991
122929 295959
743791 272703
173232 963705
952901 453483
582157 312479
975698 530118
157467 316006
290445 733931
234072 875107
450090 813666
693895 155157
309687 798481
625504 228596
643117 964778
295533 845818
392073 913533
666044 947857
981025 534610
142808 858096
106410 882100
12023 877753
841879 123568
343686 654161
15223 235642
930456 387605
697020 174785
998338 827714
326776 579635
884856 768581
533615 658910
851816 197277
66760 127543
943808 241189
87331 278827
351492 756161
803872 478693
671647 724361
650188 304600
186900 28250
165107 935752
961908 51903
834857 486257
902508 617957
109521 804734
464535 597839
543616 89964
977542 269394
938399 944531
967947 52253
856383 595306
548951 218321
88358 518602
338677 340863
329472 705438
37118 230177
747194 60438
172918 930858
370681 693678
640741 252190
504514 94044
494877 229964
522053 960407
130844 7201
53263 239038
922289 440314
119778 632885
748983 16988
128169 761669
936000 63070
917654 509765
455279 410124
515999 441864
696709 353402
993161 521794
875352 493340
360221 206014
56996 625514
309563 144941
483856 876545
628588 678299
417612 695892
1517 770067
402655 505435
704143 748166
165833 735141
790127 473108
402889 188038
99282 416415
558781 638737
474088 417646
971687 58598
429365 612250
851086 969574
292305 615355
12892 478330
632586 632477
5962 453965
188531 606032
364928 221206
333029 875947
99612 763897
82330 61661
67232 526882
42645 744406
138201 995256
7641 218936
151666 777360
398731 582123
941202 26193
441175 519800
233959 359733
857223 564022
394886 488265
736212 950540
815965 404876
637484 992434
292566 51073
205888 315001
206650 964805
605352 464498
557832 885004
503217 905001
337906 751017
258884 850873
84312 388471
547452 352592
542302 386497
253917 965621
15868 216039
518068 137334
504493 762291
947242 255688
174621 164170
505042 609323
135901 117237
9413 791719
228067 613293
687773 337377
315913 418054
86523 7509
586829 768702
949537 719128
775554 487810
812108 217012
194323 853692
136423 809964
292224 726458
278688 127393
669654 377830
864187 323277
703451 608837
723022 153859
341593 287489
226392 508694
826386 409193
574929 293724
901244 770772
391304 315852
942645 789064
536415 712735
820477 589217
871245 489250
306385 974911
98531 135226
245643 368572
250571 712782
82999 322633
303997 615180
802109 675009
290791 544488
632573 928470
508756 166332
710881 879673
537321 947914
934583 955690
439697 781502
371267 302596
424806 905261
770810 885722
394829 7887
33817 242203
343185 731817
673942 104684
277344 107944
18993 213366
515928 739502
493149 544215
163280 438446
225484 889452
459866 521650
646769 1418
904454 199265
151950 415078
275285 401468
475150 417277
481930 278085
419765 237821
65306 629161
774658 771574
280289 669662
35868 946510
426054 209875
86277 996651
550683 188347
100474 972932
274486 2455
364030 931606
279536 461546
577927 794526
940036 924176
791408 765912
403145 905193
569096 67254
565351 353754
680159 880769
216429 774420
841499 960790
18138 215385
199539 869828
709999 159496
530122 900818
442752 556615
809326 713736
162837 311083
491996 932551
246719 393377
644145 527941
793385 294629
272245 810648
732858 142004
351156 87666
620345 41042
97442 738631
877500 934393
156806 766621
262402 156317
476105 419962
749033 60860
271609 231950
114049 236299
687940 849545
419002 918331
759612 449113
326484 8661
168563 495752
555373 523057
356023 447212
7721 421596
390084 750741
486221 813531
60666 508379
286555 801066
715898 462287
286673 675225
303042 251953
439219 847122
665947 904694
105088 397241
99541 71372
202088 858821
495678 978754
706990 80379
266426 81601
446412 393614
314156 761914
777339 963742
801710 48339
887122 282333
867466 438050
819831 897306
344459 208108
226055 821035
703909 490136
493234 764390
874449 226682
892267 658395
209716 593313
736200 813446
276383 68448
463323 419514
311468 130720
152978 325567
755814 712250
544746 452533
646274 439949
109056 537359
719052 128021
63920 591445
816771 935139
200783 76626
869661 689535
448645 777975
974605 18209
916653 778733
621122 405918
269627 395463
430813 780473
775340 838423
714659 567465
980346 821550
453344 387430
41992 942557
522039 840677
783952 477598
51973 403514
646397 900296
857544 341132
6841 756833
649757 509450
232746 67807
866438 992683
556408 839805
611845 499848
596905 128038
127945 30220
472931 591434
161200 282631
491854 604179
26098 107833
687825 921742
627245 130701
729013 510785
373887 76262
277964 615969
174271 955325
631085 894865
99322 983151
752533 603727
643984 256973
703929 578071
398560 853127
661614 276638
95086 636984
471538 97726
76613 777889
367908 983091
234752 371928
605152 361499
778849 405774
926199 317947
226387 190354
955015 663300
886570 226972
483384 75083
780021 402395
622154 700602
48688 274185
603033 729527
176244 436202
626248 702511
732622 70802
126547 508833
3519 789459
752368 975748
79154 300547
370779 85534
601766 508492
678626 541412
897601 45097
848658 314652
945470 496528
540472 982111
913512 54658
153896 600856
27933 760689
556336 920019
517570 423176
32197 256892
513231 945640
74352 708691
661151 30956
484445 969955
25017 618987
388610 441919
196650 75277
742926 421097
433169 352282
249914 287288
118904 152090
578816 186951
531979 212560
529496 757014
456514 334196
342507 345302
293709 120369
849816 367006
746162 925725
190353 437237
29572 690757
41856 938903
883148 611557
515518 303234
718419 792665
897982 518072
130021 186276
540518 283937
242328 589257
328465 123587
118095 292554
934330 220471
348900 284997
963401 310547
843706 150459
688789 363639
129932 680492
524108 824059
284064 965800
62083 716216
284586 114299
389451 445321
710826 471761
544705 633560
512539 969961
974512 402470
541638 193300
936925 975259
598727 462147
732812 380226
559742 124132
909986 957457
500567 570133
263896 43854
491590 446967
264838 212182
838354 30163
867893 671051
297290 800655
325016 496154
339928 316517
80884 731788
959676 932201
770244 936617
67274 571370
586806 897004
606592 850007
317040 850459
185769 906137
836706 449951
844655 211889
980400 387516
190979 524014
169810 466680
161793 591440
619386 734546
410485 987045
678778 258474
180916 289373
392791 199544
51646 156329
230976 260591
230079 368143
210541 211869
228229 22717
331460 292547
79463 615658
572580 822966
190718 502367
359100 254171
498372 903407
434119 679526
430327 110056
6956 527865
554177 560440
94278 487381
756759 720227
217565 205813
683729 369159
880141 680257
967687 58168
60938 255543
562694 931945
229114 716221
339936 987411
736100 710986
787081 840788
664693 36782
137171 470700
399995 963482
441587 222527
154460 44223
521964 383688
270107 916139
843836 465522
331042 317426
945207 427572
553235 985127
467977 712105
113839 468461
728306 458277
718320 587270
785316 694422
951220 128647
123703 402698
169320 833691
530673 966892
502835 455628
79442 11341
221669 151850
376940 750440
275376 181721
215870 359492
469338 579907
280456 458715
500596 923777
565735 699143
520514 241136
895400 473612
17117 34273
479481 669628
635210 712252
822199 981287
958546 673515
644251 826812
780493 813535
55440 468771
443013 952525
371177 277292
601052 98451
219203 426158
350848 199957
666005 481950
311798 936745
290894 900074
602364 904905
165994 564087
202820 426140
323332 381794
108961 796374
393178 830108
323267 441368
488398 655909
212335 390977
122793 839787
681591 457965
780252 955705
801301 760994
9192 665709
960145 60869
503406 725764
347519 901442
914061 423551
215374 481802
327893 49415
674061 80296
554085 741679
769378 5348
641959 581877
265983 695132
873680 597686
530656 411851
445746 842103
254346 869950
681468 628138
388912 786358
377772 273298
814642 379621
30936 201546
327930 116400
664138 104259
7594 833296
455939 874739
604970 838268
87544 475578
942902 966131
790810 154294
682126 269913
38130 205044
458525 152510
908944 649157
664232 174712
666746 74353
588446 712427
30677 766360
749360 46420
267850 230919
628563 53366
696479 419051
847074 545354
893556 386722
452688 331784
884066 559117
636598 356970
910604 563692
404934 214120
197433 927698
930750 675721
195462 697209
641819 89979
979316 263048
249628 506842
599785 582900
247450 172075
879872 224744
797885 831124
893912 305276
156922 845508
915950 764683
246359 144493
214710 291912
7089 619366
127815 986567
552813 78545
758759 483316
640884 476251
563946 646422
270561 28572
152222 81319
273292 134942
108008 544677
817991 345548
413705 239514
18391 757605
872672 831599
345051 145154
614100 254032
359772 84491
186543 229319
169665 470672
643375 192077
395722 458966
755830 541799
972258 830841
838661 964597
157707 582195
340913 627908
40294 20573
438528 883357
710907 227790
145803 102433
60376 566407
962893 229361
602984 584167
187913 165593
244303 1215
469749 958877
63251 472331
250442 482684
321050 152005
499430 389369
848286 38651
