1000
765686 773909
867519 436091
483580 840381
166996 601102
223714 599129
385848 675450
395558 820374
759830 569641
392388 593147
776958 503972
539678 956939
953568 628143
928885 455086
36214 837688
292654 310361
74569 700184
338423 798362
465191 571949
251699 544886
694589 948202
761541 232310
421190 451952
525909 964930
622304 341064
981398 30102
701594 69755
687258 229031
214874 812633
690585 160402
834860 559101
618474 765112
535853 925922
929339 16211
457354 579194
702799 375195
128724 906715
401031 640673
219047 531643
592982 388070
985512 599402
390698 152021
651429 484984
871447 486373
382073 898268
306557 178017
244036 339247
508808 945601
144670 257009
982009 985561
40594 284808
723329 737077
81876 592120
293913 80995
171035 149077
954581 350953
181506 833012
842790 804016
35337 600600
208557 919110
672993 482454
516502 619312
990761 113015
437665 449416
691872 20579
551321 606399
631165 409282
159839 13589
723436 785995
211213 92689
854711 710670
219567 37545
975019 423416
278304 735314
841031 760443
199664 224931
349054 18750
124204 803115
508957 163433
50297 886383
841124 877317
628040 386216
378104 552497
226762 922212
681341 511562
794659 19280
155273 935817
238119 738528
935064 754807
885477 762660
927764 195086
585678 48717
572193 450515
764675 761197
295941 964459
878480 454408
996158 360540
939101 401328
936728 306
265166 944074
985339 151401
645706 140148
225757 746645
94915 187049
649161 605382
728842 64409
847882 691721
949055 368663
465205 544138
709947 966580
728346 247143
100268 541281
689890 237195
889161 359516
118879 401262
616399 70027
703609 252953
437942 449498
788027 255816
463799 529544
626369 467006
474839 935168
677850 232692
570447 519483
546378 782067
416124 122473
993257 276266
960959 271740
897711 558155
128669 656767
562872 771239
893600 330920
397187 685802
318718 835700
68475 932063
530772 621811
118298 862533
236899 708306
475011 453242
819210 984888
316290 344735
319414 247070
374469 946563
52572 832813
948794 902712
170725 887664
150865 146662
763303 309957
447211 776555
475825 315863
803010 657179
408606 113596
321933 201685
362476 595855
400473 186610
157534 805317
967504 142140
545770 101475
332904 100033
302072 861303
5207 329071
429111 30131
680899 139159
919464 456246
593739 218089
32041 413541
280197 69565
9455 901784
932100 627255
845777 884174
708983 663153
350634 259914
538640 659282
616820 426755
120307 642103
332766 856530
897072 830265
572919 239655
324234 642503
346890 563920
281576 216061
243854 561899
970940 429732
179678 709920
925914 621832
268407 839626
364445 354179
345284 280504
318595 206694
26090 341723
170377 733247
534546 748557
139395 123753
753236 811584
903655 540376
761113 232552
351519 688744
924383 503950
870466 241254
785521 78206
332035 743673
124863 384137
944573 519212
70170 715240
213410 463282
507693 548756
859541 680246
639395 201306
433396 680549
849483 95396
367970 55506
576552 532821
248868 791407
159762 773886
332902 412949
809396 954068
761832 864030
811063 134423
125753 122006
894825 787749
664159 415941
247183 532712
659616 545192
893893 580314
357085 845155
239057 608599
751965 317830
34169 66515
542203 697056
93372 614554
589207 441728
715577 788770
581483 339300
675444 650738
988556 779191
853370 247559
455112 701237
187036 335921
183531 217611
561763 151260
253610 279823
584765 788473
393026 970650
277849 359847
408889 353154
601350 41987
909413 293217
269740 26938
714786 551020
886411 572751
941723 546750
645927 325836
12214 812886
47823 460010
955539 179198
153281 694603
148496 439004
565742 885332
46888 2043
172941 676400
605592 534191
617732 647713
330864 166568
269152 999455
480937 135305
517226 950473
816821 821952
836918 410050
881714 490327
231024 65634
974121 370104
569910 578033
199203 583275
179476 408556
805632 742659
428183 218874
435501 614314
870778 85058
730347 240824
982689 827781
368444 312140
930109 873712
238769 542974
90560 358014
196704 720039
54361 868421
338854 406468
651640 396182
726990 765198
651633 308218
35021 773730
884336 826320
227698 781330
470948 721833
742753 472580
44587 189572
134401 533024
838551 405013
579705 345097
768879 442525
976430 45157
870894 20991
556020 435758
581976 452019
371313 15719
450929 233071
43862 833752
685589 55140
723892 781622
347932 877869
511017 114437
275542 96956
538277 242084
888118 693052
374476 76717
870001 563551
32482 849438
368812 323835
136914 843225
198380 909103
751855 220125
221068 865958
548032 239284
155126 136317
945208 96083
263663 16885
588941 680092
198535 219477
883901 243432
187094 425178
482272 123977
451602 813180
276288 910470
285766 484799
139544 95858
744081 66799
217193 805161
777833 259183
370763 453823
563742 348970
477623 864257
252737 407116
74932 712739
398519 163293
642272 932079
265262 889627
423335 871437
529056 130487
973172 864920
697744 815005
506091 603603
338448 7913
717735 873068
735262 966517
351825 917387
733889 963952
49184 958266
19377 1790
906331 857471
245166 224461
291850 335868
144955 406586
861073 494848
360543 164718
306254 37939
618450 605624
242863 560447
354024 662280
236315 154687
252686 819406
43763 901026
80704 291184
306747 962812
474955 915169
419163 943744
942307 400911
31007 441874
629269 403026
145290 494528
164097 620146
153486 615635
49973 546546
456084 50703
321589 921605
841630 289402
31393 304514
394765 325392
616541 275653
53306 955861
511343 277726
499906 934637
758238 274029
541938 820164
303063 856755
822588 476086
940636 781254
64418 892387
582731 304112
408465 585086
116813 752324
194829 817464
954084 386538
474637 2058
58274 696590
941031 991389
156404 814847
535193 42343
510283 347256
988436 671230
72321 615766
85696 39012
692699 716989
551325 406589
943684 659732
946096 651332
995419 880842
200469 7760
992871 79674
571015 903154
248713 321242
949957 295442
81630 38015
478152 950531
319050 837094
31363 889693
140045 138886
81615 400529
389479 86277
247071 837895
83761 677582
557393 933845
328869 55542
708018 249884
987599 58194
830898 967548
847566 936264
38283 363352
922387 935165
669801 960365
186178 956057
882222 952458
240701 656818
944492 541647
1845 931964
942811 285627
179402 64210
251518 300375
393722 701607
32545 895836
627721 62764
234938 428594
981295 482080
213055 685747
55704 707947
55604 676063
520378 254053
162371 292080
343056 867970
796637 916290
637004 129716
346383 107046
740108 241317
310674 855025
196726 618800
310026 488531
441463 403413
494328 711450
327398 48237
855247 166690
128591 431400
411244 983831
357331 849445
195230 638513
706696 247395
851089 19934
635890 445906
465357 866575
938480 479396
977598 626416
426905 865775
194153 997318
578340 279300
172711 910855
678375 118956
409245 166358
49193 790924
818856 127018
89125 250276
387762 666046
365078 759644
204642 821016
593087 876270
117270 828049
924858 214040
657875 267127
380794 55905
68451 91759
60758 68808
475290 373274
40375 875350
204322 480645
655135 982872
362489 531914
258079 377311
909033 202582
532218 482945
665254 488980
264397 634467
593598 228646
738973 443221
577072 401344
423192 223950
458560 535088
292055 337740
832817 366753
250655 225286
132879 435955
1173 188538
222711 477847
113523 571324
303843 406252
113798 127080
702555 672438
740300 513195
39017 458576
242687 774622
589134 412825
877421 780149
994667 917222
340462 107205
562830 918475
957334 431637
442545 863361
559339 753085
941812 58573
224907 305469
761784 438324
124115 777000
296252 442741
127971 171574
460125 811558
387080 247284
22014 10295
423539 587485
797050 248433
640451 329332
25407 933772
997213 580771
746911 73042
743049 543991
563026 338129
489990 485287
112638 840373
532129 666423
621510 174115
632811 314517
577724 200935
72000 810897
487329 599368
798262 104172
449597 56642
537429 275329
893586 834749
270382 900634
258006 818372
123312 603895
462 837936
823105 308964
591021 350193
597319 777851
432982 40332
712743 188704
204768 12833
273509 87002
8209 753821
732831 4507
871097 851417
253463 776926
178914 370871
977208 454727
649923 165859
72875 499752
469061 444562
724848 163644
885257 870164
591417 159769
479350 855006
693592 126726
133545 267354
844532 121868
974931 750174
397291 460744
759791 984274
730521 598224
385953 476497
803106 55318
507044 127145
685327 150766
341763 166500
420319 508244
584251 712448
532665 262183
659433 675220
690687 210538
131700 252787
78920 72944
800749 579840
797473 465668
180121 307411
676812 393927
945121 433325
389219 225372
365746 215251
286550 717964
738631 22785
282997 904351
633064 50087
313855 826573
999706 450514
32246 246217
596925 626749
186629 257567
880857 51388
356156 915041
301279 782073
156325 212212
170291 812273
247087 546933
205314 375285
541990 513945
330086 249027
561474 174061
633347 390347
498527 319584
810206 746395
464761 969432
531918 995597
91235 507485
410054 861525
98925 343863
125853 482475
807862 371654
88658 598698
342169 466176
561030 923216
807197 5977
498767 764261
702576 32830
216654 41436
753912 849736
524042 850815
508041 268322
377238 312237
961278 227023
904974 370448
591217 286305
691209 352757
161289 263027
876105 451600
943344 216590
70070 876459
628965 967803
728833 728142
252372 643915
361457 378753
895413 96135
666278 28326
985904 749826
244060 38736
906881 681905
417460 334623
549513 708520
223242 960929
900788 384421
634416 365961
993431 290977
951132 357701
310266 469354
687760 997998
959322 267124
538788 296817
40596 553404
499405 354047
456784 303509
10806 366655
626202 375899
302576 61038
420990 325179
210636 811233
490570 487182
726030 200013
917411 493360
463662 316778
812374 54722
620753 798530
324192 468055
578313 718630
538249 32959
74005 693787
111791 603499
613396 844108
666982 918887
956247 890856
307579 111709
736453 456171
444864 552660
136207 537522
929118 977022
716813 793748
826927 390968
956073 998355
39851 493796
668463 284046
558672 104474
586783 558612
20318 750376
131888 332220
210846 688661
334287 900633
825425 937706
156881 906826
123096 299299
7567 889233
259789 775755
603962 872608
839536 359820
332162 779908
181059 217116
2756 927941
935034 214791
879259 965763
814290 974290
211874 290315
841856 517413
742825 865096
695179 949942
24125 61783
712156 146789
675014 348005
177014 516638
732520 46822
375052 600900
504732 938191
803588 245779
213618 256019
634517 946936
160189 922244
392729 860637
169664 274459
789852 709588
876545 795776
380093 984918
648869 99124
622783 812889
613434 740942
680173 12826
155842 817233
33646 57153
545771 691440
816290 356496
947727 922935
398854 394815
137061 522199
183944 636321
940044 586247
407264 905703
715602 992089
176418 998367
240394 523617
416172 701664
503911 113520
239470 672791
981244 645967
921506 360783
444400 923094
338932 117316
510148 876801
259619 813084
736060 222867
708652 748673
10262 959327
209796 48023
184239 633037
347054 905686
176012 361819
685635 990036
833264 449395
573944 125138
256842 987512
400139 371655
503990 181457
288029 104600
761102 551346
346309 99312
361919 287112
598710 782362
970076 102269
713915 400774
441227 712488
377359 332621
575945 816105
540013 147993
652155 598941
786110 348961
208871 332023
60936 46593
679639 196127
739906 750217
699329 370841
314262 492046
908888 16636
371730 113772
979966 342358
503110 313186
790476 96055
960402 14476
941826 175352
998945 303147
375698 44347
462992 556994
429095 351209
83242 379335
548502 699852
420890 461324
488234 8787
852882 725627
443185 463065
694188 860062
365421 547565
31845 467494
20184 443989
387551 843512
422112 416418
661440 51412
916547 189508
474606 56039
979997 964493
63246 921056
774658 266820
3903 812550
641001 72734
953608 225618
643098 406020
953207 696976
336384 453282
424506 494769
747691 76983
251105 327309
492624 519628
37230 563880
498695 92801
771961 992988
489574 635119
83942 365586
304391 868116
720756 849505
37913 53738
220862 491979
895241 966468
944513 955376
955680 857282
282680 696099
164918 40424
159802 970287
152425 475236
303207 225725
158683 29756
33268 907278
299904 206990
175214 677123
783845 699888
666908 54645
224004 565635
105122 93600
966891 159351
462940 811203
251603 96740
780954 979467
339524 170100
479771 879761
794344 523991
229531 482120
929521 418662
2344 604100
886028 168855
264250 607730
220881 492917
714977 320566
486093 536075
39620 514585
907762 761006
15330 809611
344588 735884
386029 988797
471524 734220
288864 363075
509235 99349
575934 362550
592322 761765
707915 615501
243527 710770
672500 455827
384947 190481
282853 100688
149808 633121
726573 720445
872688 878754
501875 139767
193622 801641
344186 320048
485884 625460
961385 151676
916646 672937
372819 719242
849665 113675
220725 787238
558895 59004
571606 583408
451425 859781
449745 204955
758231 692751
301302 657388
725071 357887
602523 881708
154524 996380
478705 164336
782392 80481
352625 986647
947569 690408
856305 870384
67977 87720
27773 6150
704857 231666
563487 613924
940485 47052
904972 823751
65184 496280
310153 432600
4922 478167
384173 787361
641077 837378
811380 705976
947040 154598
722579 811951
647207 512813
160272 771161
157446 31772
656151 970717
818187 861367
381346 136731
567857 297157
39743 515868
246361 632001
27077 614663
261563 687973
364232 381001
95314 979653
140451 133133
460305 915274
357290 971764
598987 836523
465499 341728
158346 324574
807797 762828
71029 324420
784113 580831
221713 205528
893658 527071
893128 556916
570867 891732
734860 70054
891286 76394
246941 319647
953586 339628
177818 13684
882618 418709
182587 767677
846241 162263
518801 976612
344920 67358
322695 883987
4267 322172
714748 540354
747153 109377
433336 884407
340736 1791
649030 281528
870022 310032
917615 61239
929979 98646
221642 964903
201020 685166
86596 57598
124080 912341
80696 139223
143248 648856
804067 889812
720999 338208
958031 529339
540455 762385
64018 862676
